Hash,LongName,CC,CCL,CCO,CI,CLC,CLLC,LDC,LLDC,HCPL,HDIF,HEFF,HNDB,HPL,HPV,HTRP,HVOL,MI,MIMS,MISEI,MISM,McCC,NL,NLE,NII,NOI,CD,CLOC,DLOC,TCD,TCLOC,LLOC,LOC,NOS,NUMPAR,TLLOC,TLOC,TNOS,WarningBlocker,WarningCritical,WarningInfo,WarningMajor,WarningMinor,Android Rules,Basic Rules,Brace Rules,Clone Implementation Rules,Code Size Rules,Comment Rules,Controversial Rules,Coupling Rules,Design Rules,Empty Code Rules,Finalizer Rules,Import Statement Rules,J2EE Rules,JUnit Rules,Jakarta Commons Logging Rules,Java Logging Rules,JavaBean Rules,MigratingToJUnit4 Rules,Migration Rules,Migration13 Rules,Migration14 Rules,Migration15 Rules,Naming Rules,Optimization Rules,Security Code Guideline Rules,Strict Exception Rules,String and StringBuffer Rules,Type Resolution Rules,Unnecessary and Unused Code Rules,Vulnerability Rules,Number of Bugs
736f1d41ff7db602e3836a89eae80f29f2f9c4dc,com.thinkaurelius.titan.graphdb.TitanGraphTest.testWithoutIndex()V,0.0,0,0,0,0.0,0.0,0,0,186.211,21.9375,11356.2,505.23,96,42,630.901,517.662,96.4913,56.4277,63.7104,37.2575,2,1,1,0,7,0.0,0,0,0.0,0,13,16,11,0,13,16,11,0,0,0,1,0,0,0,0,0,0,0,0,0,0,0,0,0,0,1,0,0,0,0,0,0,0,0,0,0,0,0,0,0,0,0,Bag
e7167fe372470cbecec7f2713ca423fb319e455a,com.thinkaurelius.titan.graphdb.serializer.SerializerGraphConfiguration.testOnlyRegisteredSerialization()V,0.0,0,0,0,0.0,0.0,0,0,174.101,5.0,2669.13,192.418,101,39,148.285,533.826,84.4911,49.41,60.8279,35.5719,2,1,1,0,0,0.0357143,1,0,0.0357143,1,27,33,22,0,27,33,22,0,1,0,9,0,0,1,0,0,0,0,0,0,0,1,0,0,0,0,0,0,0,0,0,0,0,0,0,0,0,1,1,0,7,0,Bag
9d605dcb292894a5b4c7c9f8512426c1dae9d6d4,com.thinkaurelius.titan.graphdb.transaction.StandardTransactionBuilder.<init>(Lcom/thinkaurelius/titan/graphdb/configuration/GraphDatabaseConfiguration;Lcom/thinkaurelius/titan/graphdb/database/StandardTitanGraph;)V,0.0,0,0,0,0.0,0.0,0,0,177.625,28.0,16987.6,660.827,114,40,943.755,606.7,92.0723,53.8434,86.3087,50.4729,3,1,1,1,15,0.157895,3,3,0.157895,3,16,16,16,2,16,16,16,0,2,0,0,4,0,0,4,0,0,0,0,0,2,0,0,0,0,0,0,0,0,0,0,0,0,0,0,0,0,0,0,0,0,0,Bag
a1e70246868f0fc9e3e6e1bd454f2b0b13170c3b,com.thinkaurelius.titan.graphdb.relations.LabeledTitanEdge.getRelations()Ljava/lang/Iterable;,0.0,0,0,0,0.0,0.0,0,0,53.303,7.0,437.572,57.6368,16,15,24.3095,62.5103,126.808,74.1569,107.347,62.7758,1,0,0,0,2,0.0,0,0,0.0,0,4,4,1,0,4,4,1,0,0,0,0,0,0,0,0,0,0,0,0,0,0,0,0,0,0,0,0,0,0,0,0,0,0,0,0,0,0,0,0,0,0,0,Bag
9b9d0857f6a2d36c4b9dc91d58bee6d5ae0d1bb1,com.thinkaurelius.titan.graphdb.transaction.StandardTitanTx.addEdge(Lcom/thinkaurelius/titan/core/TitanVertex;Lcom/thinkaurelius/titan/core/TitanVertex;Lcom/thinkaurelius/titan/core/TitanLabel;)Lcom/thinkaurelius/titan/core/TitanEdge;,0.0,0,0,0,0.0,0.0,0,0,254.236,57.0,52312.9,1398.75,161,52,2906.27,917.771,80.9047,47.3127,56.5218,33.0537,8,3,3,1,12,0.037037,1,0,0.037037,1,26,27,18,3,26,27,18,0,0,0,0,6,0,0,4,0,0,0,2,0,0,0,0,0,0,0,0,0,0,0,0,0,0,0,0,0,0,0,0,0,0,0,Bag
9d605dcb292894a5b4c7c9f8512426c1dae9d6d4,com.thinkaurelius.titan.graphdb.transaction.StandardTransactionBuilder.setCustomOption(Ljava/lang/String;Ljava/lang/Object;)Lcom/thinkaurelius/titan/core/TransactionBuilder;,0.0,0,0,0,0.0,0.0,0,0,46.0537,8.25,580.173,69.562,18,15,32.2318,70.324,122.581,71.6847,101.248,59.2093,1,0,0,0,1,0.0,0,0,0.0,0,5,5,2,2,5,5,2,0,0,0,0,0,0,0,0,0,0,0,0,0,0,0,0,0,0,0,0,0,0,0,0,0,0,0,0,0,0,0,0,0,0,0,Bag
ac746d5753151c1904efda645429fca6a9086231,com.thinkaurelius.titan.graphdb.transaction.VertexIterable.iterator()Ljava/util/Iterator;,0.0,0,0,0,0.0,0.0,0,0,33.2193,5.0,242.16,38.851,14,11,13.4533,48.432,124.52,72.8189,104.046,60.8455,1,0,0,0,0,0.0,0,0,0.0285714,1,5,5,1,0,34,40,16,0,0,0,0,6,0,0,4,0,0,0,0,0,1,0,0,0,0,0,0,0,0,0,0,0,0,0,1,0,0,0,0,0,0,0,Bag
a1e70246868f0fc9e3e6e1bd454f2b0b13170c3b,com.thinkaurelius.titan.graphdb.relations.LabeledTitanEdge.getEdges(LDirection;[LString;)LIterable;,0.0,0,0,0,0.0,0.0,0,0,68.7549,13.3333,1415.98,126.097,25,19,78.6653,106.198,124.052,72.5453,103.371,60.4508,1,0,0,0,2,0.0,0,0,0.0,0,4,4,1,2,4,4,1,0,0,0,0,0,0,0,0,0,0,0,0,0,0,0,0,0,0,0,0,0,0,0,0,0,0,0,0,0,0,0,0,0,0,0,Bag
5030ddbd044b915588512ef74029ca9ac3095392,com.thinkaurelius.titan.diskstorage.util.KeyValueStoreAdapter.getColumn(Ljava/nio/ByteBuffer;)Ljava/nio/ByteBuffer;,0.0,0,0,0,0.0,0.0,0,0,84.9966,17.0,3152.92,215.018,41,23,175.162,185.466,109.694,64.1486,107.445,62.8336,2,1,1,2,1,0.111111,1,0,0.111111,1,8,8,5,1,8,8,5,0,0,0,0,0,0,0,0,0,0,0,0,0,0,0,0,0,0,0,0,0,0,0,0,0,0,0,0,0,0,0,0,0,0,0,Bag
28650a32ec86c8fdccc8518318116ed408f1346b,com.thinkaurelius.titan.graphdb.database.IndexSerializer.relationID2ByteBuffer(Lcom/thinkaurelius/titan/graphdb/relations/RelationIdentifier;)Lcom/thinkaurelius/titan/diskstorage/StaticBuffer;,0.0,0,0,0,0.0,0.0,0,0,150.741,24.5556,7053.33,367.787,56,35,391.852,287.24,109.583,64.0834,120.112,70.2412,2,1,1,1,4,0.3,3,3,0.3,3,7,7,8,1,7,7,8,0,0,0,0,1,0,0,1,0,0,0,0,0,0,0,0,0,0,0,0,0,0,0,0,0,0,0,0,0,0,0,0,0,0,0,Bag
4f70fa55415d4fd6784fb5aa57850121949b786d,com.thinkaurelius.titan.diskstorage.es.ElasticsearchRunner.killImpl(Lcom/thinkaurelius/titan/diskstorage/es/ElasticsearchStatus;)V,0.0,0,0,0,0.0,0.0,0,0,39.5098,4.0,411.194,55.2966,27,14,22.8441,102.799,112.993,66.0776,87.4149,51.1198,1,0,0,0,0,0.0,0,0,0.0,0,8,13,5,1,8,13,5,0,0,0,0,0,0,0,0,0,0,0,0,0,0,0,0,0,0,0,0,0,0,0,0,0,0,0,0,0,0,0,0,0,0,0,NoBug
a1e70246868f0fc9e3e6e1bd454f2b0b13170c3b,com.thinkaurelius.titan.graphdb.vertices.AbstractTitanVertex.getTitanEdges(LDirection;[LTitanLabel;)LIterable;,0.0,0,0,0,0.0,0.0,0,0,74.2418,14.1667,1530.68,132.818,25,20,85.0379,108.048,123.963,72.4928,103.241,60.375,1,0,0,0,2,0.0,0,0,0.0,0,4,4,1,2,4,4,1,0,0,0,0,0,0,0,0,0,0,0,0,0,0,0,0,0,0,0,0,0,0,0,0,0,0,0,0,0,0,0,0,0,0,0,Bag
a1e70246868f0fc9e3e6e1bd454f2b0b13170c3b,com.thinkaurelius.titan.graphdb.relations.factory.RelationFactoryUtil.hasRelationOfType(LInternalTitanVertex;LTitanType;LDirection;)Z,0.0,0,0,0,0.0,0.0,0,0,134.039,21.0,5775.0,321.885,55,32,320.833,275.0,105.738,61.8349,77.0501,45.0585,2,1,1,1,5,0.0,0,0,0.0,0,9,9,5,3,9,9,5,0,0,0,0,2,0,0,0,0,0,0,0,0,2,0,0,0,0,0,0,0,0,0,0,0,0,0,0,0,0,0,0,0,0,0,Bag
f77a4f7d95c07a0f54fc714dc97ddbb6a19ab431,com.thinkaurelius.titan.graphdb.transaction.StandardTitanTx.removeRelation(Lcom/thinkaurelius/titan/graphdb/internal/InternalRelation;)V,0.0,0,0,0,0.0,0.0,0,0,261.859,71.6667,53109.1,1412.9,130,52,2950.51,741.057,83.5435,48.8559,66.3682,38.8118,7,4,4,4,12,0.0769231,2,0,0.0769231,2,24,26,18,1,24,26,18,0,0,0,0,5,0,0,4,0,0,0,0,0,1,0,0,0,0,0,0,0,0,0,0,0,0,0,0,0,0,0,0,0,0,0,NoBug
af0cb5e914ec2a77b4dcceae3eea5ebfef3a52ad,com.thinkaurelius.titan.diskstorage.es.ElasticSearchIndex.mutate(Ljava/util/Map;Lcom/thinkaurelius/titan/diskstorage/TransactionHandle;)V,0.0,0,0,0,0.0,0.0,0,0,444.461,84.069,179583.0,3183.05,336,82,9976.83,2136.14,62.2422,36.3989,32.8383,19.2037,16,7,7,0,8,0.0508475,3,0,0.0508475,3,56,60,42,2,56,60,42,0,0,0,1,2,0,0,2,0,0,0,0,0,0,0,0,0,0,0,0,0,0,0,0,0,0,0,0,0,0,1,0,0,0,0,Bag
61a915a6afd480c126ad2e5747f3d4c310b2299b,com.thinkaurelius.titan.graphdb.query.condition.DirectionCondition.evaluate(Lcom/thinkaurelius/titan/core/TitanRelation;)Z,0.0,0,0,0,0.0,0.0,0,0,70.213,10.5,1089.13,105.857,24,20,60.507,103.726,123.945,72.4824,103.317,60.4196,2,0,0,0,1,0.0,0,0,0.0,0,4,4,1,1,4,4,1,0,0,0,0,0,0,0,0,0,0,0,0,0,0,0,0,0,0,0,0,0,0,0,0,0,0,0,0,0,0,0,0,0,0,0,NoBug
0d269e350f01e145b0eec0157b9c45274b2023f7,com.thinkaurelius.titan.util.datastructures.RelationCacheTest.testPerformance()V,0.0,0,0,0,0.0,0.0,0,0,178.818,18.5682,10544.9,480.87,106,41,585.827,567.901,88.111,51.5269,52.0274,30.4254,6,3,3,0,0,0.0,0,0,0.0,0,20,20,20,0,20,20,20,0,0,0,0,3,0,0,0,0,0,0,0,0,0,0,0,0,0,3,0,0,0,0,0,0,0,0,0,0,0,0,0,0,0,0,Bag
736d71a8f5d93e0d3af1279a3edca9adcc4d0f94,com.thinkaurelius.titan.graphdb.database.cache.MetricInstrumentedSchemaCache.<init>(Lcom/thinkaurelius/titan/graphdb/database/cache/SchemaCache$StoreRetrieval;)V,0.0,0,0,0,0.0,0.0,0,0,17.5098,3.0,81.0,18.7208,9,8,4.5,27.0,131.174,76.7098,113.645,66.4588,1,0,0,1,0,0.0,0,0,0.0,0,4,4,1,1,14,15,5,0,0,0,0,1,0,0,0,0,0,0,0,0,1,0,0,0,0,0,0,0,0,0,0,0,0,0,0,0,0,0,0,0,0,0,Bag
0221302fd6e14f6d4c85062bd25fcd0608ff1a14,com.thinkaurelius.titan.diskstorage.Backend.<init>(LConfiguration;)V,0.0,0,0,0,0.0,0.0,0,0,461.718,28.7,38997.3,1149.98,212,85,2166.52,1358.79,72.9857,42.6817,52.86,30.9123,5,1,1,1,8,0.0930233,4,0,0.0930233,4,39,50,28,1,39,50,28,0,0,0,0,3,0,0,1,0,0,0,0,0,0,0,0,2,0,0,0,0,0,0,0,0,0,0,0,0,0,0,0,0,0,0,Bag
a1e70246868f0fc9e3e6e1bd454f2b0b13170c3b,com.thinkaurelius.titan.graphdb.vertices.AbstractTitanVertex.getVertices(LDirection;[LString;)LIterable;,0.0,0,0,0,0.0,0.0,0,0,68.7549,13.3333,1415.98,126.097,25,19,78.6653,106.198,124.052,72.5453,103.371,60.4508,1,0,0,0,2,0.0,0,0,0.0,0,4,4,1,2,4,4,1,0,0,0,0,0,0,0,0,0,0,0,0,0,0,0,0,0,0,0,0,0,0,0,0,0,0,0,0,0,0,0,0,0,0,0,Bag
0221302fd6e14f6d4c85062bd25fcd0608ff1a14,com.thinkaurelius.titan.diskstorage.Backend$6.apply(Ljava/lang/String;)Lcom/thinkaurelius/titan/diskstorage/locking/Locker;,0.0,0,0,0,0.0,0.0,0,0,240.019,24.8,15052.3,609.635,107,51,836.242,606.95,88.2252,51.5937,68.5715,40.1003,4,1,1,0,0,0.047619,1,0,0.047619,1,20,23,11,1,20,23,11,0,0,0,1,0,0,0,0,0,0,0,0,0,1,0,0,0,0,0,0,0,0,0,0,0,0,0,0,0,0,0,0,0,0,0,Bag
310af27dbd22377fa2bd9597d3a61227977918d2,com.thinkaurelius.titan.graphdb.database.idassigner.StandardIDPool.nextID()J,0.0,0,0,0,0.0,0.0,0,0,212.183,27.9,13869.7,577.268,90,46,770.537,497.121,86.5391,50.6076,49.7595,29.0991,6,2,2,1,6,0.0,0,0,0.0,0,23,25,16,0,23,25,16,0,0,0,0,3,0,0,2,0,0,0,0,0,1,0,0,0,0,0,0,0,0,0,0,0,0,0,0,0,0,0,0,0,0,0,Bag
21d712306d38cb33488304cd356b0c812323557d,com.thinkaurelius.titan.diskstorage.idmanagement.ConsistentKeyIDAuthority.openTx()Lcom/thinkaurelius/titan/diskstorage/keycolumnvalue/StoreTransaction;,0.0,0,0,0,0.0,0.0,0,0,24.0,4.0,126.797,25.239,10,9,7.04428,31.6992,130.339,76.2218,112.441,65.7549,1,0,0,0,0,0.0,0,0,0.0,0,4,4,1,0,4,4,1,0,0,0,0,0,0,0,0,0,0,0,0,0,0,0,0,0,0,0,0,0,0,0,0,0,0,0,0,0,0,0,0,0,0,0,NoBug
a1e70246868f0fc9e3e6e1bd454f2b0b13170c3b,com.thinkaurelius.titan.graphdb.query.ComplexTitanQuery.titanEdges()Ljava/lang/Iterable;,0.0,0,0,0,0.0,0.0,0,0,77.0587,9.0,972.434,98.1537,25,20,54.0241,108.048,120.118,70.2443,97.796,57.1906,2,1,1,0,3,0.0,0,0,0.0,0,5,5,3,0,5,5,3,0,0,0,0,2,0,0,1,0,0,0,0,0,1,0,0,0,0,0,0,0,0,0,0,0,0,0,0,0,0,0,0,0,0,0,Bag
e7167fe372470cbecec7f2713ca423fb319e455a,com.thinkaurelius.titan.example.GraphOfTheGodsFactory.load(Lcom/thinkaurelius/titan/core/TitanGraph;)V,0.255539,1,1,1,0.212121,0.239437,21,17,1013.53,4.0,10223.5,471.05,355,147,567.974,2555.88,60.9146,35.6226,29.7915,17.4219,1,0,0,1,0,0.0533333,4,0,0.0533333,4,71,99,68,1,71,99,68,0,0,0,33,0,0,0,0,0,0,0,0,0,0,0,0,0,0,0,0,0,0,0,0,0,0,0,0,0,0,0,11,0,22,0,Bag
bd1445809192f13ed0674e0a81c8117fe263b0a0,com.thinkaurelius.titan.graphdb.database.StandardTitanGraph.save(Ljava/util/Collection;Ljava/util/Collection;Lcom/thinkaurelius/titan/graphdb/transaction/InternalTitanTransaction;)V,0.0,0,0,0,0.0,0.0,0,0,902.242,141.545,629080.0,7341.82,619,145,34948.9,4444.36,45.1303,26.392,17.4308,10.1934,42,6,6,0,32,0.102041,10,0,0.102041,10,88,109,75,3,88,109,75,0,0,0,3,17,0,0,17,0,0,0,0,0,2,0,0,0,0,0,0,0,0,0,0,0,0,0,0,0,0,1,0,0,0,0,Bag
63cd447da2fac871c2528fcec575e19b10e7330b,com.thinkaurelius.faunus.formats.VertexQueryFilterTest.testDefaultFilterHasTinkerGraph()V,0.0,0,0,0,0.0,0.0,0,0,248.032,29.2778,20194.4,741.574,121,52,1121.91,689.753,88.3912,51.6907,52.2279,30.5426,4,2,2,0,4,0.0,0,0,0.0,0,19,21,14,0,19,21,14,0,0,0,1,4,0,0,0,0,0,0,0,0,0,0,0,0,0,4,0,0,0,0,0,0,0,0,0,0,0,0,0,1,0,0,Bag
15132b905deeab35d12be7213e6046ee5039c489,com.thinkaurelius.titan.diskstorage.es.ElasticSearchIndex.checkExpectedClientVersion()V,0.0,0,0,0,0.0,0.0,0,0,28.7549,4.0,276.755,42.4681,20,11,15.3753,69.1886,114.821,67.1471,90.1552,52.7223,2,1,1,0,0,0.0,0,0,0.0,0,8,8,3,0,8,8,3,0,0,0,1,0,0,0,0,0,0,0,0,0,0,0,0,0,0,0,0,0,0,0,0,0,0,0,0,0,0,0,0,0,1,0,Bag
0d269e350f01e145b0eec0157b9c45274b2023f7,com.thinkaurelius.titan.diskstorage.IDAuthorityTest.checkBlock(Lcom/thinkaurelius/titan/diskstorage/IDBlock;)V,0.0,0,0,0,0.0,0.0,0,0,54.6292,9.6,902.512,93.3904,23,17,50.1395,94.0117,121.071,70.8019,99.07,57.9357,1,0,0,0,1,0.0,0,0,0.0,0,5,5,3,1,5,5,3,0,0,0,1,1,0,0,0,0,0,0,0,0,0,0,0,0,0,1,0,0,0,0,0,0,0,0,0,0,0,0,0,0,1,0,Bag
e7167fe372470cbecec7f2713ca423fb319e455a,com.thinkaurelius.titan.graphdb.TitanGraphTest.testAutomaticTypeCreation()V,0.0,0,0,0,0.0,0.0,0,0,244.645,21.8571,19686.1,729.076,158,52,1093.67,900.669,78.5588,45.9408,62.7303,36.6844,4,1,1,0,12,0.111111,4,3,0.111111,4,32,37,26,0,32,37,26,0,3,0,1,13,0,3,0,0,0,0,0,0,0,3,0,0,0,13,0,0,0,0,0,0,0,0,0,0,0,0,0,0,1,0,Bag
21d712306d38cb33488304cd356b0c812323557d,com.thinkaurelius.titan.diskstorage.keycolumnvalue.StandardStoreFeatures$Builder.<init>(Lcom/thinkaurelius/titan/diskstorage/keycolumnvalue/StoreFeatures;)V,0.0,0,0,0,0.0,0.0,0,0,17.5098,3.0,378.0,52.2791,42,8,21.0,126.0,96.0701,56.1813,92.1412,53.8838,2,1,1,0,0,0.16,4,4,0.16,4,21,21,18,1,21,21,18,0,0,0,0,0,0,0,0,0,0,0,0,0,0,0,0,0,0,0,0,0,0,0,0,0,0,0,0,0,0,0,0,0,0,0,NoBug
7d69240e324cb5c2bef71a25dc88fbead1697308,com.thinkaurelius.titan.graphdb.TitanGraphTest.testTypes()V,0.130511,2,12,6,0.196226,0.222222,52,46,1942.93,69.6359,771151.0,8409.3,1372,269,42841.7,11074.0,32.5057,19.0092,-10.1252,0.0,16,1,1,0,40,0.0504587,11,0,0.0504587,11,207,265,166,0,207,265,166,0,15,0,13,61,0,15,0,0,0,0,1,0,0,15,0,17,0,43,0,0,0,0,0,0,0,0,0,0,0,0,9,0,4,0,Bag
0d269e350f01e145b0eec0157b9c45274b2023f7,com.thinkaurelius.titan.graphdb.database.EdgeSerializer.writeRelation(Lcom/thinkaurelius/titan/graphdb/internal/InternalRelation;Lcom/thinkaurelius/titan/graphdb/internal/InternalRelationType;ILcom/thinkaurelius/titan/graphdb/types/TypeInspector;)Lcom/thinkaurelius/titan/diskstorage/util/StaticArrayEntry;,0.0,0,0,0,0.0,0.0,0,0,768.453,148.511,588488.0,7022.5,567,127,32693.8,3962.58,51.931,30.369,20.935,12.2427,20,3,3,3,33,0.0681818,6,0,0.0681818,6,82,94,65,4,82,94,65,0,0,0,0,3,0,0,2,0,0,0,0,0,1,0,0,0,0,0,0,0,0,0,0,0,0,0,0,0,0,0,0,0,0,0,Bag
e7167fe372470cbecec7f2713ca423fb319e455a,com.thinkaurelius.titan.graphdb.blueprints.TitanBlueprintsTransaction.addVertex(Ljava/lang/Object;)Lcom/thinkaurelius/titan/core/TitanVertex;,0.0,0,0,0,0.0,0.0,0,0,121.649,28.8,9094.14,435.687,65,29,505.23,315.769,99.6685,58.2856,113.542,66.3988,5,3,1,1,4,0.52,13,12,0.52,13,12,14,7,1,12,14,7,0,0,0,0,1,0,0,0,0,0,0,0,0,1,0,0,0,0,0,0,0,0,0,0,0,0,0,0,0,0,0,0,0,0,0,Bag
736d71a8f5d93e0d3af1279a3edca9adcc4d0f94,com.thinkaurelius.titan.graphdb.transaction.StandardTitanTx.getSchemaVertex(Ljava/lang/String;)Lcom/thinkaurelius/titan/graphdb/types/vertices/TitanSchemaVertex;,0.0,0,0,0,0.0,0.0,0,0,82.6034,7.5,1221.36,114.261,36,23,67.8534,162.848,108.232,63.2937,80.7508,47.2227,3,1,1,0,0,0.0,0,0,0.0,0,9,9,8,1,9,9,8,0,0,0,2,4,0,0,3,0,0,0,0,0,1,0,0,0,0,0,0,0,0,0,0,0,0,0,0,0,0,0,0,0,2,0,Bag
ac746d5753151c1904efda645429fca6a9086231,com.thinkaurelius.titan.graphdb.transaction.VertexIterable$1.nextVertex()Lcom/thinkaurelius/titan/graphdb/vertices/InternalTitanVertex;,0.0,0,0,0,0.0,0.0,0,0,144.626,22.2222,6218.01,338.143,55,34,345.445,279.81,100.297,58.6533,90.3349,52.8274,5,3,3,2,4,0.0769231,1,0,0.0769231,1,12,13,8,0,12,13,8,0,0,0,0,2,0,0,2,0,0,0,0,0,0,0,0,0,0,0,0,0,0,0,0,0,0,0,0,0,0,0,0,0,0,0,Bag
99d0fe408262931e0a936d850deafa101862a483,com.thinkaurelius.titan.graphdb.transaction.AbstractTitanTx.deleteVertex(Lcom/thinkaurelius/titan/graphdb/vertices/InternalTitanVertex;)V,0.0,0,0,0,0.0,0.0,0,0,100.362,20.3571,4880.06,287.707,51,26,271.115,239.722,101.561,59.3925,71.1265,41.5944,3,2,2,0,4,0.0,0,0,0.0,0,12,12,8,1,12,12,8,0,0,0,0,1,0,0,1,0,0,0,0,0,0,0,0,0,0,0,0,0,0,0,0,0,0,0,0,0,0,0,0,0,0,0,Bag
02a1a20f591c0fcdbe9847acb71d1e1ea591e79d,com.thinkaurelius.titan.diskstorage.log.LogTest.testReadMarkerResumesInMiddleOfLog()V,0.0,0,0,0,0.0,0.0,0,0,158.145,20.3077,9732.86,455.855,92,37,540.715,479.27,97.122,56.7965,64.5185,37.7301,1,0,0,0,6,0.0,0,0,0.0,0,13,13,10,0,13,13,10,0,0,0,2,3,0,0,0,0,0,0,0,0,0,0,0,0,0,3,0,0,0,0,0,0,0,0,0,0,0,0,1,1,0,0,NoBug
2acbf827aca75c65380851dfff34901e88a2f37c,com.thinkaurelius.titan.graphdb.database.StandardTitanGraph.loadRelations(Ljava/lang/Iterable;Lcom/thinkaurelius/titan/graphdb/database/VertexRelationLoader;Lcom/thinkaurelius/titan/graphdb/transaction/InternalTitanTransaction;)V,0.0,0,0,0,0.0,0.0,0,0,746.857,130.919,418800.0,5597.63,460,124,23266.6,3198.93,57.2891,33.5024,27.2323,15.9253,19,3,3,1,30,0.0588235,4,0,0.0588235,4,64,80,59,3,64,80,59,0,0,0,0,10,0,0,10,0,0,0,0,0,0,0,0,0,0,0,0,0,0,0,0,0,0,0,0,0,0,0,0,0,0,0,Bag
ac746d5753151c1904efda645429fca6a9086231,com.thinkaurelius.titan.graphdb.TitanGraphTest.testPropertyIndexPersistence()V,0.0,0,0,0,0.0,0.0,0,0,103.588,30.0,13979.4,580.308,98,27,776.632,465.979,92.9224,54.3406,58.4597,34.1869,1,0,0,0,8,0.0,0,0,0.0,0,17,25,14,0,17,25,14,0,0,0,0,3,0,0,0,0,0,0,0,0,0,0,0,0,0,3,0,0,0,0,0,0,0,0,0,0,0,0,0,0,0,0,Bag
02a1a20f591c0fcdbe9847acb71d1e1ea591e79d,com.thinkaurelius.titan.diskstorage.log.LogTest.testSeparateReadersAndLogsInSharedManager()V,0.0,0,0,0,0.0,0.0,0,0,253.684,39.3684,30442.4,974.958,135,53,1691.24,773.269,89.8287,52.5314,54.2,31.6959,3,1,1,0,5,0.0,0,0,0.0,0,17,17,16,0,17,17,16,0,0,0,1,3,0,0,0,0,0,0,0,0,0,0,0,0,0,3,0,0,0,0,0,0,0,0,0,0,0,0,0,1,0,0,NoBug
a1e70246868f0fc9e3e6e1bd454f2b0b13170c3b,com.thinkaurelius.titan.graphdb.query.QueryUtil.queryHiddenFunctionalProperty(Lcom/thinkaurelius/titan/graphdb/vertices/InternalTitanVertex;Lcom/thinkaurelius/titan/core/TitanKey;)Lcom/thinkaurelius/titan/core/TitanProperty;,0.0,0,0,0,0.0,0.0,0,0,113.617,18.3333,3966.07,250.557,45,28,220.337,216.331,107.216,62.6992,79.0803,46.2458,1,0,0,4,6,0.0,0,0,0.0,0,9,9,3,2,9,9,3,0,0,0,0,0,0,0,0,0,0,0,0,0,0,0,0,0,0,0,0,0,0,0,0,0,0,0,0,0,0,0,0,0,0,0,Bag
a1e70246868f0fc9e3e6e1bd454f2b0b13170c3b,com.thinkaurelius.titan.graphdb.vertices.AbstractTitanVertex.getProperties(Lcom/thinkaurelius/titan/core/TitanKey;)Ljava/lang/Iterable;,0.0,0,0,0,0.0,0.0,0,0,66.0,12.0,1100.86,106.616,22,18,61.1589,91.7384,124.814,72.9904,104.469,61.0929,1,0,0,0,3,0.0,0,0,0.0,0,4,4,1,1,4,4,1,0,0,0,0,0,0,0,0,0,0,0,0,0,0,0,0,0,0,0,0,0,0,0,0,0,0,0,0,0,0,0,0,0,0,0,Bag
21d712306d38cb33488304cd356b0c812323557d,com.thinkaurelius.titan.diskstorage.idmanagement.ConsistentKeyIDAuthority.<init>(Lcom/thinkaurelius/titan/diskstorage/keycolumnvalue/KeyColumnValueStore;Lcom/thinkaurelius/titan/diskstorage/keycolumnvalue/StoreManager;Lcom/thinkaurelius/titan/diskstorage/configuration/Configuration;)V,0.0,0,0,0,0.0,0.0,0,0,208.084,11.5,9464.62,447.441,149,46,525.812,823.011,75.5929,44.2064,33.8657,19.8045,5,2,2,1,0,0.0,0,0,0.0,0,39,44,32,3,39,44,32,0,0,0,0,0,0,0,0,0,0,0,0,0,0,0,0,0,0,0,0,0,0,0,0,0,0,0,0,0,0,0,0,0,0,0,NoBug
7d69240e324cb5c2bef71a25dc88fbead1697308,com.thinkaurelius.titan.graphdb.relations.CacheEdge.it()Lcom/thinkaurelius/titan/graphdb/internal/InternalRelation;,1.0,1,3,1,1.0,1.0,16,15,144.626,16.6667,5257.05,302.339,62,34,292.058,315.423,101.314,59.2478,92.494,54.0901,4,1,1,1,6,0.0833333,1,0,0.0625,1,11,12,7,0,15,16,8,0,0,0,0,3,0,0,1,0,0,0,0,0,1,0,0,0,0,0,0,0,0,0,0,0,0,0,1,0,0,0,0,0,0,0,Bag
5030ddbd044b915588512ef74029ca9ac3095392,com.thinkaurelius.titan.diskstorage.util.OrderedKeyValueStoreAdapter.convertKey(Ljava/util/List;)Ljava/util/Map;,0.0,0,0,0,0.0,0.0,0,0,263.421,48.6875,46231.5,1288.13,165,54,2568.42,949.556,82.9438,48.5052,44.6745,26.1255,7,3,3,0,5,0.0,0,0,0.0,0,23,23,18,1,23,23,18,0,0,0,0,3,0,0,2,0,0,0,0,0,1,0,0,0,0,0,0,0,0,0,0,0,0,0,0,0,0,0,0,0,0,0,Bag
a1e70246868f0fc9e3e6e1bd454f2b0b13170c3b,com.thinkaurelius.titan.graphdb.relations.LabeledTitanEdge.getProperties(Lcom/thinkaurelius/titan/core/TitanKey;)Ljava/lang/Iterable;,0.0,0,0,0,0.0,0.0,0,0,66.0,12.0,1100.86,106.616,22,18,61.1589,91.7384,124.814,72.9904,104.469,61.0929,1,0,0,0,3,0.0,0,0,0.0,0,4,4,1,1,4,4,1,0,0,0,0,0,0,0,0,0,0,0,0,0,0,0,0,0,0,0,0,0,0,0,0,0,0,0,0,0,0,0,0,0,0,0,Bag
f77a4f7d95c07a0f54fc714dc97ddbb6a19ab431,com.thinkaurelius.titan.graphdb.database.StandardTitanGraph.save(Ljava/util/Collection;Ljava/util/Collection;Lcom/thinkaurelius/titan/graphdb/transaction/StandardTitanTx;)V,0.0,0,0,0,0.0,0.0,0,0,176.488,20.7692,9395.25,445.252,85,40,521.958,452.364,99.8988,58.4203,97.173,56.8263,2,1,1,1,6,0.153846,2,0,0.125,10,11,16,7,3,70,91,53,0,0,0,1,15,0,2,12,0,0,0,0,0,1,0,0,0,0,0,0,0,0,0,0,0,0,0,0,0,0,0,0,1,0,0,NoBug
7d69240e324cb5c2bef71a25dc88fbead1697308,com.thinkaurelius.titan.graphdb.relations.CacheProperty.getID()J,0.0,0,0,0,0.0,0.0,0,0,71.4869,17.0,1949.8,156.073,27,19,108.322,114.694,116.854,68.3355,93.087,54.4369,2,1,1,0,3,0.0,0,0,0.0,0,6,6,4,0,6,6,4,0,0,0,0,2,0,0,1,0,0,0,0,0,1,0,0,0,0,0,0,0,0,0,0,0,0,0,0,0,0,0,0,0,0,0,Bag
996dd26106e7310f2a8681591e7b86596f690532,com.thinkaurelius.titan.diskstorage.keycolumnvalue.CachedKeyColumnValueStore$2.call()Ljava/util/List;,0.0,0,0,0,0.0,0.0,0,0,59.7154,6.5,569.195,68.6816,21,18,31.6219,87.5684,121.441,71.0178,99.6026,58.2471,1,0,0,0,1,0.0,0,0,0.0,0,5,5,2,0,5,5,2,0,0,0,0,0,0,0,0,0,0,0,0,0,0,0,0,0,0,0,0,0,0,0,0,0,0,0,0,0,0,0,0,0,0,0,NoBug
28650a32ec86c8fdccc8518318116ed408f1346b,com.thinkaurelius.titan.graphdb.database.IndexSerializer.removeEdge(Lcom/thinkaurelius/titan/graphdb/internal/InternalRelation;Lcom/thinkaurelius/titan/diskstorage/BackendTransaction;)V,0.0,0,0,0,0.0,0.0,0,0,209.485,38.5,19452.1,723.289,92,45,1080.67,505.25,91.5817,53.5565,56.9327,33.2939,5,4,4,1,8,0.0,0,0,0.0,0,17,17,9,2,17,17,9,0,1,0,0,0,0,0,0,0,0,0,0,0,1,0,0,0,0,0,0,0,0,0,0,0,0,0,0,0,0,0,0,0,0,0,Bag
e871add0cbdfdc52cf5475b2f62019fb3a35016a,com.thinkaurelius.titan.graphdb.transaction.StandardTitanTx$6$1.apply(Lcom/thinkaurelius/titan/graphdb/internal/InternalRelation;)Z,0.0,0,0,0,0.0,0.0,0,0,42.8086,7.33333,474.65,60.8484,17,14,26.3695,64.725,126.627,74.051,107.085,62.6231,1,0,0,0,0,0.0,0,0,0.0,0,4,4,1,1,4,4,1,0,0,0,0,0,0,0,0,0,0,0,0,0,0,0,0,0,0,0,0,0,0,0,0,0,0,0,0,0,0,0,0,0,0,0,Bag
61a915a6afd480c126ad2e5747f3d4c310b2299b,com.thinkaurelius.titan.graphdb.relations.RelationComparator.compare(Lcom/thinkaurelius/titan/graphdb/internal/InternalRelation;Lcom/thinkaurelius/titan/graphdb/internal/InternalRelation;)I,0.0,0,0,0,0.0,0.0,0,0,461.718,72.1429,165536.0,3014.83,358,85,9196.46,2294.56,64.0185,37.4377,45.0578,26.3496,19,3,3,0,13,0.12963,7,0,0.12963,7,47,55,48,2,47,55,48,0,0,0,0,19,0,0,16,0,0,0,2,0,1,0,0,0,0,0,0,0,0,0,0,0,0,0,0,0,0,0,0,0,0,0,NoBug
7d69240e324cb5c2bef71a25dc88fbead1697308,com.thinkaurelius.titan.graphdb.relations.StandardEdge.removePropertyDirect(Lcom/thinkaurelius/titan/core/TitanType;)Ljava/lang/Object;,0.0,0,0,0,0.0,0.0,0,0,70.213,10.5,1225.27,114.504,27,20,68.0704,116.692,116.764,68.283,92.9575,54.3611,2,1,1,0,0,0.0,0,0,0.0,0,6,6,3,1,6,6,3,0,0,0,0,1,0,0,1,0,0,0,0,0,0,0,0,0,0,0,0,0,0,0,0,0,0,0,0,0,0,0,0,0,0,0,Bag
4bc081be419e372fa611b672481294033f98f4aa,com.thinkaurelius.titan.graphdb.transaction.StandardTitanTx.isClosed()Z,0.0,0,0,0,0.0,0.0,0,0,17.5098,3.0,72.0,17.307,8,8,4.0,24.0,131.786,77.0679,114.528,66.9756,1,0,0,2,0,0.0,0,0,0.0,0,4,4,1,0,4,4,1,0,0,0,0,0,0,0,0,0,0,0,0,0,0,0,0,0,0,0,0,0,0,0,0,0,0,0,0,0,0,0,0,0,0,0,Bag
99d0fe408262931e0a936d850deafa101862a483,com.thinkaurelius.titan.graphdb.transaction.AbstractTitanTx.addProperty(Lcom/thinkaurelius/titan/core/TitanVertex;Lcom/thinkaurelius/titan/core/TitanKey;Ljava/lang/Object;)Lcom/thinkaurelius/titan/core/TitanProperty;,0.0,0,0,0,0.0,0.0,0,0,234.223,40.1538,21192.5,765.811,94,49,1177.36,527.783,89.3229,52.2356,70.752,41.3754,6,2,2,1,7,0.05,1,0,0.05,1,19,20,14,3,19,20,14,0,0,0,0,4,0,0,4,0,0,0,0,0,0,0,0,0,0,0,0,0,0,0,0,0,0,0,0,0,0,0,0,0,0,0,Bag
4f70fa55415d4fd6784fb5aa57850121949b786d,com.thinkaurelius.titan.diskstorage.es.ElasticSearchConfigTest.killElasticsearch()V,0.0,0,0,0,0.0,0.0,0,0,26.0,4.0,146.165,27.7478,11,10,8.12027,36.5412,125.985,73.6756,106.159,62.0814,1,0,0,0,0,0.0,0,0,0.0,0,5,5,2,0,5,5,2,0,0,0,1,0,0,0,0,0,0,0,0,0,0,0,0,0,0,0,0,0,0,0,0,0,0,0,0,0,0,0,0,0,1,0,NoBug
e715670b304da165feafdf2a991772ae8ff46f25,com.thinkaurelius.titan.graphdb.types.StandardTypeMaker.makePropertyKey()Lcom/thinkaurelius/titan/core/TitanKey;,0.0,0,0,0,0.0,0.0,0,0,202.922,15.0526,5373.34,306.782,65,45,298.519,356.97,102.674,60.0435,72.6305,42.474,2,0,0,0,8,0.0,0,0,0.0,0,10,11,5,0,10,11,5,0,0,0,0,0,0,0,0,0,0,0,0,0,0,0,0,0,0,0,0,0,0,0,0,0,0,0,0,0,0,0,0,0,0,0,Bag
4f70fa55415d4fd6784fb5aa57850121949b786d,com.thinkaurelius.titan.diskstorage.es.ElasticsearchRunner.getDaemonShortName()Ljava/lang/String;,0.0,0,0,0,0.0,0.0,0,0,13.6096,2.5,49.1287,13.414,7,7,2.72937,19.6515,132.826,77.6758,116.028,67.8525,1,0,0,0,0,0.0,0,0,0.0,0,4,4,1,0,4,4,1,0,0,0,0,0,0,0,0,0,0,0,0,0,0,0,0,0,0,0,0,0,0,0,0,0,0,0,0,0,0,0,0,0,0,0,NoBug
e7167fe372470cbecec7f2713ca423fb319e455a,com.thinkaurelius.titan.graphdb.TitanIndexTest.testConditionalIndexing()V,0.883576,4,14,7,0.768362,0.828767,136,121,2032.33,101.189,1499320.0,13099.8,1825,278,83295.8,14817.1,38.0272,22.2381,2.29829,1.34403,10,1,1,0,30,0.0875,14,3,0.0875,14,146,177,114,0,146,177,114,0,6,0,5,26,0,6,1,0,0,0,0,0,0,6,0,0,0,25,0,0,0,0,0,0,0,0,0,0,0,0,5,0,0,0,Bag
02a1a20f591c0fcdbe9847acb71d1e1ea591e79d,com.thinkaurelius.titan.diskstorage.log.LogTest.testLogIsDurableAcrossReopen()V,0.0,0,0,0,0.0,0.0,0,0,252.239,30.4762,26883.0,897.399,154,53,1493.5,882.1,86.9712,50.8603,49.8738,29.166,1,0,0,0,7,0.0,0,0,0.0,0,20,22,17,0,20,22,17,0,0,0,1,3,0,0,0,0,0,0,0,0,0,0,0,0,0,3,0,0,0,0,0,0,0,0,0,0,0,0,0,1,0,0,NoBug
02a1a20f591c0fcdbe9847acb71d1e1ea591e79d,com.thinkaurelius.titan.diskstorage.log.LogTest.sendReceive(III)V,0.0,0,0,0,0.0,0.0,0,0,321.633,42.3846,42978.0,1226.96,169,64,2387.67,1014.0,84.0125,49.1301,61.7829,36.1303,4,1,1,2,8,0.0434783,1,0,0.0434783,1,22,24,23,3,22,24,23,0,0,0,1,2,0,0,0,0,0,0,0,0,0,0,0,0,0,2,0,0,0,0,0,0,0,0,0,0,0,0,0,1,0,0,NoBug
e715670b304da165feafdf2a991772ae8ff46f25,com.thinkaurelius.titan.graphdb.relations.AttributeUtil.checkAttributeType(Lcom/thinkaurelius/titan/core/TitanKey;Ljava/lang/Object;)V,0.0,0,0,0,0.0,0.0,0,0,101.948,23.3333,5374.17,306.813,49,26,298.565,230.322,108.568,63.4899,81.133,47.4462,2,1,1,1,2,0.0,0,0,0.0,0,8,8,3,2,8,8,3,0,0,0,0,0,0,0,0,0,0,0,0,0,0,0,0,0,0,0,0,0,0,0,0,0,0,0,0,0,0,0,0,0,0,0,Bag
abc6f869fe83b17935119c88fc85a1b2a871f495,com.thinkaurelius.titan.diskstorage.keycolumnvalue.inmemory.InMemoryKeyColumnValueStore.getKeys(Lcom/thinkaurelius/titan/diskstorage/keycolumnvalue/StoreTransaction;)Lcom/thinkaurelius/titan/diskstorage/keycolumnvalue/RecordIterator;,0.0,0,0,0,0.0,0.0,0,0,74.2418,11.3333,1371.49,123.442,28,20,76.194,121.014,116.805,68.3069,92.9146,54.3361,1,0,0,0,1,0.0,0,0,0.0526316,1,6,6,2,1,18,23,4,0,0,0,0,1,0,0,0,0,0,0,0,0,1,0,0,0,0,0,0,0,0,0,0,0,0,0,0,0,0,0,0,0,0,0,Bag
a1e70246868f0fc9e3e6e1bd454f2b0b13170c3b,com.thinkaurelius.titan.graphdb.TitanGraphTest.testQuery()V,0.4,1,4,2,0.236559,0.268293,22,22,2327.05,46.9355,477247.0,6107.01,1230,308,26513.7,10168.1,49.5607,28.9828,8.55524,5.00306,9,3,2,0,31,0.0238095,2,0,0.0238095,2,82,93,91,0,82,93,91,0,0,0,3,75,0,0,4,0,0,0,0,0,0,0,0,31,0,40,0,0,0,0,0,0,0,0,0,0,0,0,2,0,1,0,Bag
28650a32ec86c8fdccc8518318116ed408f1346b,com.thinkaurelius.titan.graphdb.database.IndexSerializer.newPropertyKey(Lcom/thinkaurelius/titan/core/TitanKey;Lcom/thinkaurelius/titan/diskstorage/BackendTransaction;)V,0.0,0,0,0,0.0,0.0,0,0,149.316,28.75,14009.4,581.137,95,35,778.297,487.282,100.366,58.6936,103.475,60.512,5,2,2,1,6,0.230769,3,3,0.230769,3,10,10,6,2,10,10,6,0,2,0,0,4,0,0,4,0,0,0,0,0,2,0,0,0,0,0,0,0,0,0,0,0,0,0,0,0,0,0,0,0,0,0,Bag
7d69240e324cb5c2bef71a25dc88fbead1697308,com.thinkaurelius.titan.graphdb.relations.CacheEdge.copyProperties(Lcom/thinkaurelius/titan/graphdb/internal/InternalRelation;)V,0.0,0,0,0,0.0,0.0,0,0,129.691,30.8571,9325.21,443.036,61,31,518.067,302.206,106.925,62.5294,78.8652,46.12,3,2,2,1,7,0.0,0,0,0.0,0,8,8,8,1,8,8,8,0,0,0,0,2,0,0,2,0,0,0,0,0,0,0,0,0,0,0,0,0,0,0,0,0,0,0,0,0,0,0,0,0,0,0,Bag
a1e70246868f0fc9e3e6e1bd454f2b0b13170c3b,com.thinkaurelius.titan.graphdb.vertices.VertexUtil.prepareForRemoval(Lcom/thinkaurelius/titan/graphdb/vertices/InternalTitanVertex;)V,0.0,0,0,0,0.0,0.0,0,0,115.652,18.4,3715.12,239.873,42,28,206.396,201.909,113.683,66.4812,88.6143,51.8212,3,2,2,1,4,0.0,0,0,0.0,0,6,6,4,1,6,6,4,0,0,0,0,1,0,0,1,0,0,0,0,0,0,0,0,0,0,0,0,0,0,0,0,0,0,0,0,0,0,0,0,0,0,0,Bag
a1e70246868f0fc9e3e6e1bd454f2b0b13170c3b,com.thinkaurelius.titan.graphdb.query.ComplexTitanQuery.relations()Ljava/lang/Iterable;,0.0,0,0,0,0.0,0.0,0,0,77.0587,9.0,972.434,98.1537,25,20,54.0241,108.048,120.118,70.2443,97.796,57.1906,2,1,1,0,3,0.0,0,0,0.0,0,5,5,3,0,5,5,3,0,0,0,0,2,0,0,1,0,0,0,0,0,1,0,0,0,0,0,0,0,0,0,0,0,0,0,0,0,0,0,0,0,0,0,Bag
0d269e350f01e145b0eec0157b9c45274b2023f7,com.thinkaurelius.titan.util.datastructures.RelationCacheTest.testEmpty()V,0.0,0,0,0,0.0,0.0,0,0,36.5293,6.75,549.515,67.0893,22,13,30.5286,81.4097,118.866,69.5124,95.8885,56.0752,1,0,0,0,0,0.0,0,0,0.0,0,6,6,3,0,6,6,3,0,0,0,0,3,0,0,0,0,0,0,0,0,0,0,0,0,0,3,0,0,0,0,0,0,0,0,0,0,0,0,0,0,0,0,Bag
7181d969d170523ab94e96f8b9c53713a76ef0ad,com.thinkaurelius.titan.graphdb.relations.CacheVertexProperty.copyProperties(Lcom/thinkaurelius/titan/graphdb/internal/InternalRelation;)V,0.0,0,0,0,0.0,0.0,0,0,28.7549,4.0,193.728,33.4808,14,11,10.7627,48.432,124.29,72.6844,103.816,60.711,2,1,1,0,0,0.0,0,0,0.0,0,5,5,2,1,5,5,2,0,0,0,1,0,0,0,0,0,0,0,0,0,0,0,0,0,0,0,0,0,0,0,0,0,0,0,0,0,0,0,0,0,1,0,Bag
7d69240e324cb5c2bef71a25dc88fbead1697308,com.thinkaurelius.titan.graphdb.relations.StandardEdge.getPropertyDirect(Lcom/thinkaurelius/titan/core/TitanType;)Ljava/lang/Object;,0.0,0,0,0,0.0,0.0,0,0,46.0537,6.875,456.618,59.2974,17,15,25.3677,66.4171,126.493,73.9725,106.892,62.5099,1,0,0,0,0,0.0,0,0,0.0,0,4,4,1,1,4,4,1,0,0,0,0,0,0,0,0,0,0,0,0,0,0,0,0,0,0,0,0,0,0,0,0,0,0,0,0,0,0,0,0,0,0,0,Bag
e715670b304da165feafdf2a991772ae8ff46f25,com.thinkaurelius.titan.graphdb.database.serialize.attribute.FloatSerializer.writeObjectData(Lcom/thinkaurelius/titan/graphdb/database/serialize/DataOutput;Ljava/lang/Float;)V,0.0,0,0,0,0.0,0.0,0,0,84.9966,12.75,1787.94,147.311,31,23,99.3299,140.23,118.992,69.586,96.0702,56.1814,1,0,0,0,1,0.0,0,0,0.0,0,5,5,2,2,5,5,2,0,0,0,0,2,0,0,0,0,0,0,1,0,1,0,0,0,0,0,0,0,0,0,0,0,0,0,0,0,0,0,0,0,0,0,Bag
3c93acd5dc33f8e8adc86a2de7fe72bd25496b9a,com.thinkaurelius.titan.graphdb.database.StandardTitanGraph.shutdown()V,0.0,0,0,0,0.0,0.0,0,0,190.226,20.0,7441.4,381.156,69,42,413.411,372.07,94.6148,55.3303,79.4528,46.4636,3,1,1,5,8,0.0588235,1,0,0.0588235,1,16,18,11,0,16,18,11,0,0,0,0,3,0,0,2,0,0,0,0,0,1,0,0,0,0,0,0,0,0,0,0,0,0,0,0,0,0,0,0,0,0,0,Bag
ee1d562528178614735f8e5526856dc1e407c97e,com.thinkaurelius.titan.diskstorage.configuration.backend.KCVSConfiguration.close()V,0.0,0,0,0,0.0,0.0,0,0,33.2842,4.5,241.985,38.8322,15,12,13.4436,53.7744,114.224,66.7977,89.2932,52.2182,2,1,1,3,0,0.0,0,0,0.0,0,9,9,4,0,9,9,4,0,0,0,1,0,0,0,0,0,0,0,0,0,1,0,0,0,0,0,0,0,0,0,0,0,0,0,0,0,0,0,0,0,0,0,NoBug
63cd447da2fac871c2528fcec575e19b10e7330b,com.thinkaurelius.faunus.mapreduce.filter.PropertyFilterMap$Map.setup(LMapper.Context;)V,0.0,0,0,0,0.0,0.0,0,0,386.477,44.625,59021.6,1515.91,213,74,3278.98,1322.61,79.2345,46.336,39.3232,22.996,7,4,2,0,1,0.0,0,0,0.0,0,26,28,24,1,26,28,24,0,0,0,1,0,0,0,0,0,0,0,0,0,0,0,0,0,0,0,0,0,0,0,0,0,0,0,0,1,0,0,0,0,0,0,Bag
7d69240e324cb5c2bef71a25dc88fbead1697308,com.thinkaurelius.titan.graphdb.relations.CacheEdge.update()Lcom/thinkaurelius/titan/graphdb/internal/InternalRelation;,0.0,0,0,0,0.0,0.0,0,0,128.042,18.6875,6573.29,350.904,71,31,365.183,351.748,104.688,61.2209,75.4335,44.1132,1,0,0,2,10,0.0,0,0,0.0,0,9,10,7,0,9,10,7,0,0,0,0,1,0,0,0,0,0,0,0,0,1,0,0,0,0,0,0,0,0,0,0,0,0,0,0,0,0,0,0,0,0,0,Bag
2acbf827aca75c65380851dfff34901e88a2f37c,com.thinkaurelius.titan.graphdb.database.StandardTitanGraph.getEntry(Lcom/thinkaurelius/titan/graphdb/transaction/InternalTitanTransaction;Lcom/thinkaurelius/titan/graphdb/relations/InternalRelation;Lcom/thinkaurelius/titan/graphdb/vertices/InternalTitanVertex;Ljava/util/Map;Z)Lcom/thinkaurelius/titan/diskstorage/keycolumnvalue/Entry;,0.0,0,0,0,0.0,0.0,0,0,726.405,163.012,673333.0,7682.22,597,121,37407.4,4130.56,52.3738,30.628,16.1217,9.42788,18,4,4,3,33,0.0357143,3,0,0.0357143,3,81,94,70,5,81,94,70,0,0,0,0,4,0,0,3,0,0,0,1,0,0,0,0,0,0,0,0,0,0,0,0,0,0,0,0,0,0,0,0,0,0,0,Bag
7d69240e324cb5c2bef71a25dc88fbead1697308,com.thinkaurelius.titan.graphdb.relations.CacheEdge.setPropertyDirect(Lcom/thinkaurelius/titan/core/TitanType;Ljava/lang/Object;)V,0.0,0,0,0,0.0,0.0,0,0,37.9742,8.33333,493.392,62.4398,16,13,27.4107,59.207,127.091,74.322,107.754,63.014,1,0,0,0,2,0.0,0,0,0.0,0,4,4,1,2,4,4,1,0,0,0,0,0,0,0,0,0,0,0,0,0,0,0,0,0,0,0,0,0,0,0,0,0,0,0,0,0,0,0,0,0,0,0,Bag
a1e70246868f0fc9e3e6e1bd454f2b0b13170c3b,com.thinkaurelius.titan.graphdb.database.StandardTitanGraph.getEntry(Lcom/thinkaurelius/titan/graphdb/transaction/InternalTitanTransaction;Lcom/thinkaurelius/titan/graphdb/relations/InternalRelation;Lcom/thinkaurelius/titan/graphdb/vertices/InternalTitanVertex;Ljava/util/Map;Z)Lcom/thinkaurelius/titan/diskstorage/Entry;,0.0,0,0,0,0.0,0.0,0,0,726.405,163.012,673333.0,7682.22,597,121,37407.4,4130.56,52.3738,30.628,16.1217,9.42788,18,4,4,3,33,0.0357143,3,0,0.0357143,3,81,94,70,5,81,94,70,0,0,0,0,4,0,0,3,0,0,0,1,0,0,0,0,0,0,0,0,0,0,0,0,0,0,0,0,0,0,0,0,0,0,0,Bag
5030ddbd044b915588512ef74029ca9ac3095392,com.thinkaurelius.titan.diskstorage.util.OrderedKeyValueStoreAdapter.convert(Ljava/util/List;)Ljava/util/List;,0.0,0,0,0,0.0,0.0,0,0,119.552,24.9167,7141.64,370.85,59,29,396.758,286.621,107.201,62.6904,79.2624,46.3523,3,1,1,2,4,0.0,0,0,0.0,0,8,8,6,1,8,8,6,0,0,0,0,3,0,0,2,0,0,0,0,0,1,0,0,0,0,0,0,0,0,0,0,0,0,0,0,0,0,0,0,0,0,0,Bag
a1e70246868f0fc9e3e6e1bd454f2b0b13170c3b,com.thinkaurelius.titan.util.interval.Range.intersect(Lcom/thinkaurelius/titan/util/interval/AtomicInterval;)Lcom/thinkaurelius/titan/util/interval/AtomicInterval;,0.0,0,0,0,0.0,0.0,0,0,226.845,62.0,85635.5,1942.84,246,49,4757.53,1381.22,68.6163,40.1265,40.0625,23.4284,12,5,3,1,4,0.0416667,2,0,0.0416667,2,46,47,39,1,46,47,39,0,0,0,0,3,0,0,0,0,0,0,2,0,1,0,0,0,0,0,0,0,0,0,0,0,0,0,0,0,0,0,0,0,0,0,Bag
996dd26106e7310f2a8681591e7b86596f690532,com.thinkaurelius.titan.diskstorage.util.MetricInstrumentedStore.mutate(Lcom/thinkaurelius/titan/diskstorage/StaticBuffer;Ljava/util/List;Ljava/util/List;Lcom/thinkaurelius/titan/diskstorage/keycolumnvalue/StoreTransaction;)V,0.902439,1,1,1,0.714286,0.714286,10,10,111.89,12.0,2307.53,174.622,40,28,128.196,192.294,106.121,62.0592,77.5015,45.3225,1,0,0,0,3,0.0,0,0,0.0,0,10,10,1,4,14,14,3,0,0,0,0,0,0,0,0,0,0,0,0,0,0,0,0,0,0,0,0,0,0,0,0,0,0,0,0,0,0,0,0,0,0,0,NoBug
97adb1ff1a3fa48a72720c611a2b837626208951,com.thinkaurelius.titan.diskstorage.es.BerkeleyElasticsearchTest.testGraphOfTheGodsFactoryCreate()V,0.0,0,0,0,0.0,0.0,0,0,27.1194,3.0,207.566,35.0567,20,11,11.5314,69.1886,117.215,68.5466,131.021,76.6207,1,0,0,0,0,0.3,3,3,0.3,3,7,7,4,0,7,7,4,0,0,0,3,0,0,0,0,0,0,0,0,0,0,0,0,0,0,1,0,0,0,0,0,0,0,0,0,0,0,0,0,0,2,0,NoBug
a0ba586cf56ac191020e113b0661e05aad2f06cd,com.thinkaurelius.titan.graphdb.tinkerpop.TitanFeatures$TitanEdgeFeatures.supportsUserSuppliedIds()Z,0.0,0,0,0,0.0,0.0,0,0,13.6096,2.5,49.1287,13.414,7,7,2.72937,19.6515,132.826,77.6758,116.028,67.8525,1,0,0,0,0,0.0,0,0,0.0,0,4,4,1,0,4,4,1,0,0,0,0,0,0,0,0,0,0,0,0,0,0,0,0,0,0,0,0,0,0,0,0,0,0,0,0,0,0,0,0,0,0,0,NoBug
21d712306d38cb33488304cd356b0c812323557d,com.thinkaurelius.titan.graphdb.database.idassigner.StandardIDPool.startIDBlockGetter()V,0.0,0,0,0,0.0,0.0,0,0,101.409,8.07692,1344.17,121.797,35,27,74.6761,166.421,114.918,67.2035,125.266,73.2549,2,1,1,2,1,0.25,2,0,0.25,2,6,7,5,0,6,7,5,0,0,0,0,3,0,0,2,0,0,0,0,0,1,0,0,0,0,0,0,0,0,0,0,0,0,0,0,0,0,0,0,0,0,0,NoBug
627201ea7c20d1f72ab1d548ad5ec11041da09ee,com.thinkaurelius.titan.core.TitanFactory.getLocalConfiguration(Ljava/lang/String;)Lcom/thinkaurelius/titan/diskstorage/configuration/ReadConfiguration;,0.0,0,0,0,0.0,0.0,0,0,388.015,51.9828,70689.8,1709.64,219,74,3927.21,1359.87,78.8601,46.117,62.7802,36.7136,8,4,2,1,5,0.103448,3,3,0.103448,3,26,26,25,1,26,26,25,0,2,0,0,8,0,0,6,0,0,0,0,0,4,0,0,0,0,0,0,0,0,0,0,0,0,0,0,0,0,0,0,0,0,0,Bag
736d71a8f5d93e0d3af1279a3edca9adcc4d0f94,com.thinkaurelius.titan.graphdb.types.vertices.TitanSchemaVertex.name()Ljava/lang/String;,0.0,0,0,0,0.0,0.0,0,0,92.5293,8.0,1931.84,155.113,52,25,107.325,241.481,94.9547,55.529,61.5952,36.0206,3,2,2,0,0,0.0,0,0,0.0,0,18,18,10,0,18,18,10,0,0,0,2,0,0,0,0,0,0,0,0,0,0,0,0,0,0,0,0,0,0,0,0,0,0,0,0,0,0,0,0,0,2,0,Bag
28650a32ec86c8fdccc8518318116ed408f1346b,com.thinkaurelius.titan.graphdb.database.IndexSerializer.getQuery(Ljava/lang/String;Lcom/thinkaurelius/titan/graphdb/query/condition/Condition;Lcom/thinkaurelius/titan/graphdb/internal/ElementType;)Lcom/thinkaurelius/titan/diskstorage/indexing/IndexQuery;,0.0,0,0,0,0.0,0.0,0,0,156.911,25.5,11733.1,516.349,89,36,651.841,460.123,95.6735,55.9494,82.1032,48.0136,3,2,2,1,4,0.0666667,1,0,0.04,1,14,14,7,3,24,24,13,0,1,0,0,1,0,0,0,0,0,0,0,0,2,0,0,0,0,0,0,0,0,0,0,0,0,0,0,0,0,0,0,0,0,0,Bag
eb5b7c6d95ee752ba7e9643c1445452ed64d0fff,com.thinkaurelius.titan.graphdb.configuration.GraphDatabaseConfiguration.getConfiguration(LFile;)LConfiguration;,0.0,0,0,0,0.0,0.0,0,0,324.585,56.3182,67581.8,1659.15,200,64,3754.55,1200.0,72.9918,42.6852,72.4053,42.3423,6,4,4,2,1,0.42029,29,29,0.386667,29,40,50,26,1,46,56,29,0,0,0,0,4,0,0,2,0,0,0,0,0,2,0,0,0,0,0,0,0,0,0,0,0,0,0,0,0,0,0,0,0,0,0,NoBug
2beffb4767bcaab8cdfb54dbcb08c819c0a8dd3c,com.thinkaurelius.titan.graphdb.TitanIndexTest.assertGraphOfTheGods(Lcom/thinkaurelius/titan/core/TitanGraph;)V,0.0,0,0,0,0.0,0.0,0,0,62.671,3.5,490.636,62.207,33,19,27.2575,140.182,111.38,65.1344,85.088,49.7591,1,0,0,0,0,0.0,0,0,0.0,0,8,8,6,1,8,8,6,0,0,0,2,2,0,0,0,0,0,0,0,0,0,0,0,0,0,2,0,0,0,0,0,0,0,0,0,0,0,0,1,0,1,0,Bag
8c51ee9c15b656fa51de53de4f4cc29444132a4a,com.thinkaurelius.titan.graphdb.transaction.StandardTitanTx.addProperty(Lcom/thinkaurelius/titan/core/TitanVertex;Lcom/thinkaurelius/titan/core/TitanKey;Ljava/lang/Object;)Lcom/thinkaurelius/titan/core/TitanProperty;,0.0,0,0,0,0.0,0.0,0,0,281.435,66.1538,59931.9,1531.46,156,56,3329.55,905.947,80.3607,46.9946,55.48,32.4445,8,3,3,5,14,0.0357143,1,0,0.0357143,1,27,28,19,3,27,28,19,0,0,0,0,5,0,0,4,0,0,0,0,0,1,0,0,0,0,0,0,0,0,0,0,0,0,0,0,0,0,0,0,0,0,0,Bag
97adb1ff1a3fa48a72720c611a2b837626208951,com.thinkaurelius.titan.diskstorage.es.BerkeleyElasticsearchTest.getConfiguration()Lcom/thinkaurelius/titan/diskstorage/configuration/WriteConfiguration;,0.0,0,0,0,0.0,0.0,0,0,35.1613,3.5,297.885,44.6032,23,13,16.5492,85.1101,112.066,65.5359,109.605,64.0968,1,0,0,0,0,0.1,1,0,0.1,1,9,10,6,0,9,10,6,0,0,0,1,0,0,0,0,0,0,0,0,0,0,0,0,0,0,0,0,0,0,0,0,0,0,0,0,0,0,0,0,0,1,0,NoBug
4bc081be419e372fa611b672481294033f98f4aa,com.thinkaurelius.titan.graphdb.transaction.StandardTitanTx.isOpen()Z,0.0,0,0,0,0.0,0.0,0,0,13.6096,2.5,49.1287,13.414,7,7,2.72937,19.6515,132.826,77.6758,116.028,67.8525,1,0,0,4,0,0.0,0,0,0.0,0,4,4,1,0,4,4,1,0,0,0,0,0,0,0,0,0,0,0,0,0,0,0,0,0,0,0,0,0,0,0,0,0,0,0,0,0,0,0,0,0,0,0,Bag
7d69240e324cb5c2bef71a25dc88fbead1697308,com.thinkaurelius.titan.graphdb.relations.CacheProperty.getPropertyKeysDirect()Ljava/lang/Iterable;,1.0,1,3,1,1.0,1.0,10,10,150.116,37.3333,13295.2,561.217,70,34,738.624,356.122,102.457,59.9162,72.4184,42.3499,3,2,2,0,5,0.0,0,0,0.0,0,10,10,9,0,10,10,9,0,0,0,0,2,0,0,2,0,0,0,0,0,0,0,0,0,0,0,0,0,0,0,0,0,0,0,0,0,0,0,0,0,0,0,Bag
7d69240e324cb5c2bef71a25dc88fbead1697308,com.thinkaurelius.titan.graphdb.relations.CacheProperty.update()Lcom/thinkaurelius/titan/graphdb/internal/InternalRelation;,0.0,0,0,0,0.0,0.0,0,0,119.552,21.0833,7067.15,368.267,69,29,392.619,335.201,104.938,61.3675,75.795,44.3246,1,0,0,2,10,0.0,0,0,0.0,0,9,10,7,0,9,10,7,0,0,0,0,1,0,0,0,0,0,0,0,0,1,0,0,0,0,0,0,0,0,0,0,0,0,0,0,0,0,0,0,0,0,0,Bag
8c51ee9c15b656fa51de53de4f4cc29444132a4a,com.thinkaurelius.titan.graphdb.query.StandardElementQuery.matchesCondition(Lcom/thinkaurelius/titan/core/TitanElement;Lcom/thinkaurelius/titan/graphdb/query/keycondition/KeyCondition;)Z,0.0,0,0,0,0.0,0.0,0,0,337.565,60.7059,68365.9,1671.96,187,65,3798.11,1126.18,81.1367,47.4484,42.4747,24.839,11,6,3,2,11,0.0,0,0,0.0,0,23,23,23,2,23,23,23,0,0,0,0,8,0,0,8,0,0,0,0,0,0,0,0,0,0,0,0,0,0,0,0,0,0,0,0,0,0,0,0,0,0,0,Bag
37491a904e67614fbac185f651adbc0e9d405b4b,com.thinkaurelius.titan.core.TitanFactory$Builder.set(Ljava/lang/String;Ljava/lang/Object;)Lcom/thinkaurelius/titan/core/TitanFactory$Builder;,0.0,0,0,0,0.0,0.0,0,0,33.2842,4.5,209.72,35.2988,13,12,11.6511,46.6045,128.335,75.0498,156.771,91.6787,1,0,0,0,0,0.636364,7,7,0.636364,7,4,4,2,2,4,4,2,0,0,0,0,0,0,0,0,0,0,0,0,0,0,0,0,0,0,0,0,0,0,0,0,0,0,0,0,0,0,0,0,0,0,0,Bag
9b9d0857f6a2d36c4b9dc91d58bee6d5ae0d1bb1,com.thinkaurelius.titan.graphdb.transaction.StandardTitanTx.addPropertyInternal(Lcom/thinkaurelius/titan/core/TitanVertex;Lcom/thinkaurelius/titan/core/TitanKey;Ljava/lang/Object;)Lcom/thinkaurelius/titan/core/TitanProperty;,0.0,0,0,0,0.0,0.0,0,0,274.583,64.6154,57902.5,1496.69,155,55,3216.81,896.111,81.0289,47.3853,56.701,33.1585,8,3,3,2,14,0.037037,1,0,0.037037,1,26,27,19,3,26,27,19,0,0,0,0,5,0,0,4,0,0,0,0,0,1,0,0,0,0,0,0,0,0,0,0,0,0,0,0,0,0,0,0,0,0,0,Bag
e7167fe372470cbecec7f2713ca423fb319e455a,com.thinkaurelius.titan.graphdb.blueprints.TitanBlueprintsGraph.addVertex(Lcom/thinkaurelius/titan/core/VertexLabel;)Lcom/thinkaurelius/titan/core/TitanVertex;,0.0,0,0,0,0.0,0.0,0,0,35.2193,7.5,376.421,52.1334,14,12,20.9123,50.1895,127.95,74.8245,108.994,63.7389,1,0,0,5,2,0.0,0,0,0.0,0,4,4,1,1,4,4,1,0,0,0,0,0,0,0,0,0,0,0,0,0,0,0,0,0,0,0,0,0,0,0,0,0,0,0,0,0,0,0,0,0,0,0,Bag
99d0fe408262931e0a936d850deafa101862a483,com.thinkaurelius.titan.graphdb.transaction.AbstractTitanTx.addEdge(Lcom/thinkaurelius/titan/core/TitanVertex;Lcom/thinkaurelius/titan/core/TitanVertex;Lcom/thinkaurelius/titan/core/TitanLabel;)Lcom/thinkaurelius/titan/core/TitanEdge;,0.0,0,0,0,0.0,0.0,0,0,79.5098,14.6667,2419.99,180.25,37,22,134.444,164.999,112.695,65.9037,86.986,50.869,1,0,0,1,3,0.0,0,0,0.0,0,7,7,4,3,7,7,4,0,0,0,0,2,0,0,0,0,0,0,2,0,0,0,0,0,0,0,0,0,0,0,0,0,0,0,0,0,0,0,0,0,0,0,Bag
736f1d41ff7db602e3836a89eae80f29f2f9c4dc,com.thinkaurelius.titan.graphdb.query.GraphCentricQueryBuilder.edges()Ljava/lang/Iterable;,0.0,0,0,0,0.0,0.0,0,0,148.033,21.2143,6151.83,335.74,57,34,341.768,289.985,107.37,62.7894,79.4049,46.4356,2,1,1,0,7,0.0,0,0,0.0,0,8,8,4,0,8,8,4,0,0,0,0,2,0,0,1,0,0,0,0,0,1,0,0,0,0,0,0,0,0,0,0,0,0,0,0,0,0,0,0,0,0,0,Bag
7d69240e324cb5c2bef71a25dc88fbead1697308,com.thinkaurelius.titan.graphdb.relations.StandardProperty.removePropertyDirect(Lcom/thinkaurelius/titan/core/TitanType;)Ljava/lang/Object;,0.0,0,0,0,0.0,0.0,0,0,70.213,10.5,1225.27,114.504,27,20,68.0704,116.692,116.764,68.283,92.9575,54.3611,2,1,1,0,0,0.0,0,0,0.0,0,6,6,3,1,6,6,3,0,0,0,0,1,0,0,1,0,0,0,0,0,0,0,0,0,0,0,0,0,0,0,0,0,0,0,0,0,0,0,0,0,0,0,Bag
78e78eac4e59a716b323408c75aacfdc6e138508,com.thinkaurelius.titan.graphdb.tinkerpop.TitanBlueprintsGraph.newThreadBoundTransaction()Lcom/thinkaurelius/titan/core/TitanTransaction;,0.0,0,0,0,0.0,0.0,0,0,4.75489,1.5,12.0,5.24148,4,4,0.666667,8.0,159.957,93.542,155.17,90.7427,1,0,0,0,0,0.0,0,0,0.0,0,1,1,0,0,1,1,0,0,0,0,0,0,0,0,0,0,0,0,0,0,0,0,0,0,0,0,0,0,0,0,0,0,0,0,0,0,0,0,0,0,0,0,Bag
e7167fe372470cbecec7f2713ca423fb319e455a,com.thinkaurelius.titan.graphdb.TitanIndexTest.testVertexTTLWithMixedIndices()V,0.0,0,0,0,0.0,0.0,0,0,942.92,48.375,170301.0,3072.4,487,150,9461.17,3520.43,62.3476,36.4606,33.8724,19.8084,3,1,1,0,21,0.0655738,4,3,0.0655738,4,57,73,45,0,57,73,45,0,0,0,4,8,0,0,0,0,0,0,0,0,0,0,0,0,0,8,0,0,0,0,0,0,0,0,0,0,0,0,3,1,0,0,Bag
0d269e350f01e145b0eec0157b9c45274b2023f7,com.thinkaurelius.titan.graphdb.TitanPartitionGraphTest.testKeybasedGraphPartitioning()V,0.0,0,0,0,0.0,0.0,0,0,345.99,25.9848,22778.2,803.55,144,68,1265.45,876.595,86.3137,50.4758,71.7457,41.9565,4,3,3,0,9,0.0909091,2,0,0.0909091,2,20,22,16,0,20,22,16,0,0,0,0,5,0,0,2,0,0,0,0,0,0,0,0,0,0,3,0,0,0,0,0,0,0,0,0,0,0,0,0,0,0,0,Bag
37491a904e67614fbac185f651adbc0e9d405b4b,com.thinkaurelius.titan.diskstorage.es.ElasticSearchConfigTest.testLocalNodeUsingExt()V,0.0,0,0,0,0.0,0.0,0,0,185.26,5.5,3182.39,216.356,108,41,176.799,578.616,88.3734,51.6804,51.8969,30.349,1,0,0,0,0,0.0,0,0,0.0,0,21,25,16,0,21,25,16,0,0,0,10,3,0,0,0,0,0,0,0,0,0,0,0,0,0,3,0,0,0,0,0,0,0,0,0,0,0,0,5,0,5,0,Bag
86e5b6e3b408b55a7705c20627e702ca5c1fe313,com.thinkaurelius.titan.graphdb.TitanIndexTest.testGraphOfTheGods()V,0.0,0,0,0,0.0,0.0,0,0,106.709,10.9615,3003.67,208.178,57,28,166.871,274.019,104.279,60.9822,111.676,65.3077,1,0,0,0,4,0.285714,4,4,0.285714,4,10,11,7,0,10,11,7,0,0,0,3,6,0,0,0,0,0,0,0,0,0,0,0,0,0,6,0,0,0,0,0,0,0,0,0,0,0,0,3,0,0,0,NoBug
63cd447da2fac871c2528fcec575e19b10e7330b,com.thinkaurelius.faunus.mapreduce.filter.PropertyFilterMapTest.testEdgesOnWeight()V,0.884146,1,4,1,0.875,0.85,21,17,277.632,31.0227,24790.4,850.204,137,57,1377.25,799.106,86.795,50.7573,49.9251,29.196,4,3,3,0,8,0.0,0,0,0.0,0,20,24,15,0,20,24,15,0,0,0,1,7,0,0,0,0,0,0,0,0,0,0,0,0,0,7,0,0,0,0,0,0,0,0,0,0,0,0,0,1,0,0,Bag
a1e70246868f0fc9e3e6e1bd454f2b0b13170c3b,com.thinkaurelius.titan.graphdb.query.ComplexTitanQuery.edges()Ljava/lang/Iterable;,0.0,0,0,0,0.0,0.0,0,0,82.7106,9.5,1043.18,102.858,25,21,57.9542,109.808,120.034,70.1951,97.6748,57.1198,2,1,1,0,3,0.0,0,0,0.0,0,5,5,3,0,5,5,3,0,0,0,0,2,0,0,1,0,0,0,0,0,1,0,0,0,0,0,0,0,0,0,0,0,0,0,0,0,0,0,0,0,0,0,Bag
a1e70246868f0fc9e3e6e1bd454f2b0b13170c3b,com.thinkaurelius.titan.graphdb.vertices.AbstractTitanVertex.getProperty(Lcom/thinkaurelius/titan/core/TitanKey;)Ljava/lang/Object;,1.0,1,3,1,1.0,1.0,10,10,152.382,21.9375,5851.23,324.712,52,35,325.068,266.723,103.96,60.7952,74.5869,43.6181,3,2,2,1,5,0.0,0,0,0.0,0,10,10,6,1,10,10,6,0,0,0,0,2,0,0,1,0,0,0,0,0,1,0,0,0,0,0,0,0,0,0,0,0,0,0,0,0,0,0,0,0,0,0,Bag
28650a32ec86c8fdccc8518318116ed408f1346b,com.thinkaurelius.titan.graphdb.database.IndexSerializer.removeProperty(Lcom/thinkaurelius/titan/core/TitanProperty;Lcom/thinkaurelius/titan/diskstorage/BackendTransaction;)V,0.0,0,0,0,0.0,0.0,0,0,177.58,46.5,23348.3,816.902,95,39,1297.13,502.113,92.8262,54.2843,58.6263,34.2844,4,3,3,1,11,0.0,0,0,0.0,0,16,16,7,2,16,16,7,0,1,0,0,0,0,0,0,0,0,0,0,0,1,0,0,0,0,0,0,0,0,0,0,0,0,0,0,0,0,0,0,0,0,0,Bag
304f14e44f986e806ac8e86437ff7b8e46a68045,com.thinkaurelius.titan.diskstorage.es.ElasticSearchIndex.legacyConfiguration(Lcom/thinkaurelius/titan/diskstorage/configuration/Configuration;)Lcom/thinkaurelius/titan/diskstorage/es/ElasticSearchSetup$Connection;,0.0,0,0,0,0.0,0.0,0,0,561.196,48.5902,132714.0,2601.82,412,99,7373.0,2731.29,59.9509,35.059,43.8456,25.6407,11,4,4,1,3,0.2,16,16,0.2,16,64,73,56,1,64,73,56,0,0,0,0,6,0,0,6,0,0,0,0,0,0,0,0,0,0,0,0,0,0,0,0,0,0,0,0,0,0,0,0,0,0,0,Bag
99d0fe408262931e0a936d850deafa101862a483,com.thinkaurelius.titan.graphdb.TitanGraphTest.testTransaction()V,0.0,0,0,0,0.0,0.0,0,0,4.75489,1.5,12.0,5.24148,4,4,0.666667,8.0,142.159,83.1341,129.494,75.7273,1,0,0,0,0,0.0,0,0,0.0,0,3,4,0,0,3,4,0,0,0,0,2,1,0,0,0,0,0,0,0,0,2,0,0,0,0,1,0,0,0,0,0,0,0,0,0,0,0,0,0,0,0,0,Bag
627201ea7c20d1f72ab1d548ad5ec11041da09ee,com.thinkaurelius.titan.diskstorage.Backend.getIndexes(Lcom/thinkaurelius/titan/diskstorage/configuration/Configuration;)Ljava/util/Map;,0.0,0,0,0,0.0,0.0,0,0,141.127,22.9167,8277.73,409.205,71,34,459.874,361.21,99.6593,58.2803,68.2808,39.9303,2,1,1,1,4,0.0,0,0,0.0,0,12,12,8,1,12,12,8,0,0,0,0,0,0,0,0,0,0,0,0,0,0,0,0,0,0,0,0,0,0,0,0,0,0,0,0,0,0,0,0,0,0,0,Bag
a1e70246868f0fc9e3e6e1bd454f2b0b13170c3b,com.thinkaurelius.titan.graphdb.relations.LabeledTitanEdge.getEdgeCount()J,0.0,0,0,0,0.0,0.0,0,0,43.0195,6.0,310.837,45.8869,14,13,17.2687,51.8062,127.785,74.7281,108.756,63.5998,1,0,0,0,2,0.0,0,0,0.0,0,4,4,1,0,4,4,1,0,0,0,0,0,0,0,0,0,0,0,0,0,0,0,0,0,0,0,0,0,0,0,0,0,0,0,0,0,0,0,0,0,0,0,Bag
e715670b304da165feafdf2a991772ae8ff46f25,com.thinkaurelius.titan.graphdb.serializer.SerializerTest.setUp()V,0.0,0,0,0,0.0,0.0,0,0,208.084,22.5,13422.3,564.786,108,46,745.681,596.545,95.9838,56.1309,62.8763,36.7698,1,0,0,0,2,0.0,0,0,0.0,0,13,14,10,0,13,14,10,0,0,0,0,0,0,0,0,0,0,0,0,0,0,0,0,0,0,0,0,0,0,0,0,0,0,0,0,0,0,0,0,0,0,0,Bag
7d69240e324cb5c2bef71a25dc88fbead1697308,com.thinkaurelius.titan.graphdb.relations.CacheEdge.getMap()Lcom/thinkaurelius/titan/util/datastructures/ImmutableLongObjectMap;,0.0,0,0,0,0.0,0.0,0,0,75.6096,14.4,2466.73,182.563,39,21,137.04,171.3,112.27,65.6553,86.4749,50.5701,2,1,1,3,6,0.0,0,0,0.0,0,7,7,4,0,7,7,4,0,0,0,0,0,0,0,0,0,0,0,0,0,0,0,0,0,0,0,0,0,0,0,0,0,0,0,0,0,0,0,0,0,0,0,Bag
02a1a20f591c0fcdbe9847acb71d1e1ea591e79d,com.thinkaurelius.titan.diskstorage.log.LogTest.testMultipleLogsWithSingleReader()V,0.0,0,0,0,0.0,0.0,0,0,249.012,35.0,21747.2,779.116,109,52,1208.18,621.348,92.1782,53.9054,57.4879,33.6186,2,1,1,0,5,0.0,0,0,0.0,0,16,16,14,0,16,16,14,0,0,0,1,3,0,0,0,0,0,0,0,0,0,0,0,0,0,3,0,0,0,0,0,0,0,0,0,0,0,0,0,1,0,0,NoBug
7d69240e324cb5c2bef71a25dc88fbead1697308,com.thinkaurelius.titan.graphdb.relations.CacheProperty.copyProperties(Lcom/thinkaurelius/titan/graphdb/internal/InternalRelation;)V,0.0,0,0,0,0.0,0.0,0,0,129.691,30.8571,9325.21,443.036,61,31,518.067,302.206,106.925,62.5294,78.8652,46.12,3,2,2,1,7,0.0,0,0,0.0,0,8,8,8,1,8,8,8,0,0,0,0,2,0,0,2,0,0,0,0,0,0,0,0,0,0,0,0,0,0,0,0,0,0,0,0,0,0,0,0,0,0,0,Bag
63cd447da2fac871c2528fcec575e19b10e7330b,com.thinkaurelius.faunus.mapreduce.util.ElementChecker.isLegal(Lcom/thinkaurelius/faunus/FaunusElement;)Z,0.70632,3,46,8,0.72093,0.729412,62,62,446.834,32.9783,61179.2,1552.63,291,83,3398.84,1855.14,52.5353,30.7224,3.34986,1.95898,32,5,5,5,1,0.0,0,0,0.0,0,85,86,51,1,85,86,51,0,0,0,0,21,0,0,20,0,0,0,0,0,1,0,0,0,0,0,0,0,0,0,0,0,0,0,0,0,0,0,0,0,0,0,Bag
a1e70246868f0fc9e3e6e1bd454f2b0b13170c3b,com.thinkaurelius.titan.graphdb.vertices.AbstractTitanVertex.getProperties()Ljava/lang/Iterable;,0.0,0,0,0,0.0,0.0,0,0,53.303,7.0,437.572,57.6368,16,15,24.3095,62.5103,126.808,74.1569,107.347,62.7758,1,0,0,0,2,0.0,0,0,0.0,0,4,4,1,0,4,4,1,0,0,0,0,0,0,0,0,0,0,0,0,0,0,0,0,0,0,0,0,0,0,0,0,0,0,0,0,0,0,0,0,0,0,0,Bag
a1e70246868f0fc9e3e6e1bd454f2b0b13170c3b,com.thinkaurelius.titan.graphdb.vertices.AbstractTitanVertex.getEdgeCount()J,0.0,0,0,0,0.0,0.0,0,0,43.0195,6.0,310.837,45.8869,14,13,17.2687,51.8062,127.785,74.7281,108.756,63.5998,1,0,0,0,2,0.0,0,0,0.0,0,4,4,1,0,4,4,1,0,0,0,0,0,0,0,0,0,0,0,0,0,0,0,0,0,0,0,0,0,0,0,0,0,0,0,0,0,0,0,0,0,0,0,Bag
7d69240e324cb5c2bef71a25dc88fbead1697308,com.thinkaurelius.titan.graphdb.relations.StandardProperty.setPropertyDirect(Lcom/thinkaurelius/titan/core/TitanType;Ljava/lang/Object;)V,1.0,1,4,1,1.0,1.0,15,15,146.211,24.375,8432.47,414.289,68,34,468.471,345.947,95.8089,56.0286,62.9294,36.8008,4,3,3,0,3,0.0,0,0,0.0,0,15,15,7,2,15,15,7,0,0,0,0,0,0,0,0,0,0,0,0,0,0,0,0,0,0,0,0,0,0,0,0,0,0,0,0,0,0,0,0,0,0,0,Bag
d6dd24d036a7ff073c7a88358239ea23550ee2a1,com.thinkaurelius.titan.diskstorage.hbase.HBaseStoreManager.checkConfigDeprecation(Lcom/thinkaurelius/titan/diskstorage/configuration/Configuration;)V,0.0,0,0,0,0.0,0.0,0,0,52.8606,6.5,598.0,70.9797,23,16,33.2222,92.0,118.0,69.006,94.7411,55.4041,2,1,1,0,0,0.0,0,0,0.0,0,6,6,2,1,6,6,2,0,0,0,1,1,0,0,0,0,0,0,0,0,0,0,0,1,0,0,0,0,0,0,0,0,0,0,0,0,0,0,0,0,1,0,Bag
e7167fe372470cbecec7f2713ca423fb319e455a,com.thinkaurelius.titan.graphdb.TitanGraphTest.testPropertyTTLTiming()V,0.317829,1,1,1,0.22449,0.25641,11,10,311.098,6.0,6131.35,334.994,173,60,340.631,1021.89,75.1574,43.9517,49.7081,29.069,2,1,1,0,0,0.0487805,2,0,0.0487805,2,39,49,35,0,39,49,35,0,0,0,12,13,0,0,0,0,0,0,0,0,0,0,0,0,0,13,0,0,0,0,0,0,0,0,0,0,0,0,4,1,7,0,Bag
e715670b304da165feafdf2a991772ae8ff46f25,com.thinkaurelius.titan.graphdb.serializer.SerializerTest.testObjectVerification()V,0.0,0,0,0,0.0,0.0,0,0,204.093,22.2353,12211.3,530.283,100,45,678.405,549.185,87.4312,51.1294,50.7412,29.6732,3,1,1,0,6,0.0,0,0,0.0,0,22,24,15,0,22,24,15,0,2,0,0,0,0,2,0,0,0,0,0,0,0,2,0,0,0,0,0,0,0,0,0,0,0,0,0,0,0,0,0,0,0,0,Bag
5030ddbd044b915588512ef74029ca9ac3095392,com.thinkaurelius.titan.diskstorage.util.OrderedKeyValueStoreAdapter.getSlice(Ljava/nio/ByteBuffer;Ljava/nio/ByteBuffer;Ljava/nio/ByteBuffer;ILcom/thinkaurelius/titan/diskstorage/TransactionHandle;)Ljava/util/List;,0.0,0,0,0,0.0,0.0,0,0,78.2548,13.9286,2111.86,164.605,34,22,117.326,151.621,118.586,69.3485,95.4843,55.8388,1,0,0,0,3,0.0,0,0,0.0,0,5,5,1,5,5,5,1,0,0,0,0,0,0,0,0,0,0,0,0,0,0,0,0,0,0,0,0,0,0,0,0,0,0,0,0,0,0,0,0,0,0,0,Bag
e871add0cbdfdc52cf5475b2f62019fb3a35016a,com.thinkaurelius.titan.graphdb.transaction.StandardTitanTx.connectRelation(Lcom/thinkaurelius/titan/graphdb/internal/InternalRelation;)V,0.0,0,0,0,0.0,0.0,0,0,129.691,27.4286,6794.33,358.727,50,31,377.463,247.71,110.123,64.3991,83.4778,48.8174,3,2,2,2,4,0.0,0,0,0.0,0,7,7,7,1,7,7,7,0,0,0,0,2,0,0,2,0,0,0,0,0,0,0,0,0,0,0,0,0,0,0,0,0,0,0,0,0,0,0,0,0,0,0,Bag
da8901bcea96f225bc445f4e13289b0f04e18e14,com.thinkaurelius.titan.graphdb.transaction.StandardPersistTitanTx.isDeletedRelation(Lcom/thinkaurelius/titan/graphdb/relations/InternalRelation;)Z,0.0,0,0,0,0.0,0.0,0,0,51.0195,9.0,792.0,85.6019,22,16,44.0,88.0,121.185,70.8684,142.272,83.2003,2,1,1,0,1,0.444444,4,4,0.444444,4,5,5,3,1,5,5,3,0,0,0,0,2,0,0,1,0,0,0,0,0,1,0,0,0,0,0,0,0,0,0,0,0,0,0,0,0,0,0,0,0,0,0,NoBug
a1e70246868f0fc9e3e6e1bd454f2b0b13170c3b,com.thinkaurelius.titan.graphdb.TitanGraphTest.testCreateDelete()V,0.0,0,0,0,0.0,0.0,0,0,294.606,37.7143,42995.4,1227.29,193,60,2388.63,1140.03,80.7756,47.2372,55.3658,32.3777,1,0,0,0,17,0.0357143,1,1,0.0357143,1,27,32,25,0,27,32,25,0,0,0,2,9,0,0,0,0,0,0,1,0,0,0,0,1,0,7,0,0,0,0,0,0,0,0,0,0,0,0,1,0,1,0,Bag
3c93acd5dc33f8e8adc86a2de7fe72bd25496b9a,com.thinkaurelius.titan.graphdb.database.StandardTitanGraph.<init>(Lcom/thinkaurelius/titan/graphdb/configuration/GraphDatabaseConfiguration;)V,0.0,0,0,0,0.0,0.0,0,0,528.24,54.5303,86496.5,1955.84,242,94,4805.36,1586.21,80.0749,46.8274,54.9849,32.1549,2,1,1,1,21,0.0384615,1,0,0.0384615,1,25,31,22,1,25,31,22,0,0,0,0,0,0,0,0,0,0,0,0,0,0,0,0,0,0,0,0,0,0,0,0,0,0,0,0,0,0,0,0,0,0,0,Bag
5030ddbd044b915588512ef74029ca9ac3095392,com.thinkaurelius.titan.diskstorage.util.OrderedKeyValueStoreAdapter.getSlice(Ljava/nio/ByteBuffer;Ljava/nio/ByteBuffer;Ljava/nio/ByteBuffer;Lcom/thinkaurelius/titan/diskstorage/TransactionHandle;)Ljava/util/List;,0.0,0,0,0,0.0,0.0,0,0,68.8127,12.8333,1719.41,143.522,31,20,95.5226,133.98,119.229,69.7246,96.4122,56.3814,1,0,0,0,3,0.0,0,0,0.0,0,5,5,1,4,5,5,1,0,0,0,0,0,0,0,0,0,0,0,0,0,0,0,0,0,0,0,0,0,0,0,0,0,0,0,0,0,0,0,0,0,0,0,Bag
a1e70246868f0fc9e3e6e1bd454f2b0b13170c3b,com.thinkaurelius.titan.graphdb.query.ComplexTitanQuery.vertexIds()Lcom/thinkaurelius/titan/graphdb/query/VertexListInternal;,0.0,0,0,0,0.0,0.0,0,0,129.691,29.1429,9962.18,462.988,69,31,553.455,341.84,95.871,56.0649,63.0191,36.8533,4,3,3,1,7,0.0,0,0,0.0,0,15,15,11,0,15,15,11,0,0,0,0,3,0,0,2,0,0,0,0,0,1,0,0,0,0,0,0,0,0,0,0,0,0,0,0,0,0,0,0,0,0,0,Bag
2beffb4767bcaab8cdfb54dbcb08c819c0a8dd3c,com.thinkaurelius.titan.graphdb.TitanIndexTest.testGraphOfTheGods()V,0.0,0,0,0,0.0,0.0,0,0,66.4386,5.0,950.824,96.6941,44,20,52.8236,190.165,104.405,61.0556,110.995,64.9095,2,1,1,0,0,0.266667,4,4,0.266667,4,11,11,6,0,11,11,6,0,0,0,4,1,0,0,0,0,0,0,0,0,0,0,0,1,0,0,0,0,0,0,0,0,0,0,0,0,0,0,2,0,2,0,Bag
02a1a20f591c0fcdbe9847acb71d1e1ea591e79d,com.thinkaurelius.titan.diskstorage.log.LogTest.testFuzzMessages()V,0.0,0,0,0,0.0,0.0,0,0,330.519,40.1739,36291.3,1096.15,150,65,2016.18,903.355,83.4337,48.7917,65.8025,38.481,3,2,2,0,5,0.0769231,2,0,0.0769231,2,24,27,22,0,24,27,22,0,0,0,1,5,0,0,2,0,0,0,0,0,0,0,0,0,0,3,0,0,0,0,0,0,0,0,0,0,0,0,0,1,0,0,NoBug
0221302fd6e14f6d4c85062bd25fcd0608ff1a14,com.thinkaurelius.titan.diskstorage.Backend.getStorageManager(LConfiguration;)LKeyColumnValueStoreManager;,0.0,0,0,0,0.0,0.0,0,0,111.89,19.5,4405.94,268.757,47,28,244.774,225.946,105.053,61.4343,76.0616,44.4805,2,1,1,1,2,0.0,0,0,0.0,0,10,10,5,1,10,10,5,0,0,0,0,2,0,0,0,0,0,0,0,0,0,0,0,2,0,0,0,0,0,0,0,0,0,0,0,0,0,0,0,0,0,0,Bag
f794ac462ae55bb86e6b05c6e23921dbadad9b23,com.thinkaurelius.titan.graphdb.blueprints.TitanBlueprintsTransaction.getIndexedKeys(Ljava/lang/Class;)Ljava/util/Set;,0.0,0,0,0,0.0,0.0,0,0,193.219,27.2,11147.0,499.006,76,42,619.278,409.816,100.182,58.5862,69.1373,40.4312,3,2,2,0,3,0.0,0,0,0.0,0,11,12,8,1,11,12,8,0,0,0,0,2,0,0,2,0,0,0,0,0,0,0,0,0,0,0,0,0,0,0,0,0,0,0,0,0,0,0,0,0,0,0,Bag
a1e70246868f0fc9e3e6e1bd454f2b0b13170c3b,com.thinkaurelius.titan.graphdb.vertices.AbstractTitanVertex.getEdges()Ljava/lang/Iterable;,0.0,0,0,0,0.0,0.0,0,0,53.303,7.0,437.572,57.6368,16,15,24.3095,62.5103,126.808,74.1569,107.347,62.7758,1,0,0,1,2,0.0,0,0,0.0,0,4,4,1,0,4,4,1,0,0,0,0,0,0,0,0,0,0,0,0,0,0,0,0,0,0,0,0,0,0,0,0,0,0,0,0,0,0,0,0,0,0,0,Bag
4bc081be419e372fa611b672481294033f98f4aa,com.thinkaurelius.titan.graphdb.relations.CacheEdge.<init>(JLcom/thinkaurelius/titan/core/EdgeLabel;Lcom/thinkaurelius/titan/graphdb/internal/InternalVertex;Lcom/thinkaurelius/titan/graphdb/internal/InternalVertex;Lcom/thinkaurelius/titan/diskstorage/Entry;)V,0.0,0,0,0,0.0,0.0,0,0,62.671,6.0,560.726,67.9987,22,19,31.1515,93.4544,121.102,70.82,99.1146,57.9617,1,0,0,0,0,0.0,0,0,0.0,0,5,6,3,5,5,6,3,0,0,0,0,0,0,0,0,0,0,0,0,0,0,0,0,0,0,0,0,0,0,0,0,0,0,0,0,0,0,0,0,0,0,0,Bag
996dd26106e7310f2a8681591e7b86596f690532,com.thinkaurelius.titan.diskstorage.keycolumnvalue.KeySliceQuery.hashCode()I,0.0,0,0,0,0.0,0.0,0,0,83.6515,12.5714,1933.5,155.202,34,23,107.417,153.801,110.438,64.5834,83.9324,49.0833,3,2,2,0,1,0.0,0,0,0.0,0,8,8,5,0,8,8,5,0,0,0,0,2,0,0,2,0,0,0,0,0,0,0,0,0,0,0,0,0,0,0,0,0,0,0,0,0,0,0,0,0,0,0,NoBug
61a915a6afd480c126ad2e5747f3d4c310b2299b,com.thinkaurelius.titan.graphdb.TitanGraphTest.testQuery()V,0.197618,2,20,4,0.22314,0.252427,54,52,5911.66,69.1353,1912940.0,15409.9,2948,669,106274.0,27669.5,24.8324,14.5218,-19.8342,0.0,29,2,2,0,43,0.0506912,11,0,0.0506912,11,206,242,230,0,206,242,230,0,0,0,5,124,0,0,18,0,0,0,0,0,0,0,0,0,0,106,0,0,0,0,0,0,0,0,0,0,0,0,4,0,1,0,NoBug
63cd447da2fac871c2528fcec575e19b10e7330b,com.thinkaurelius.faunus.mapreduce.util.ElementCheckerTest.testLessThan()V,1.0,1,1,1,1.0,1.0,19,15,146.213,10.9318,6111.89,334.285,109,35,339.549,559.092,94.0028,54.9724,60.0183,35.0984,1,0,0,0,4,0.0,0,0,0.0,0,15,19,13,0,15,19,13,0,0,0,0,7,0,0,0,0,0,0,0,0,0,0,0,0,0,7,0,0,0,0,0,0,0,0,0,0,0,0,0,0,0,0,Bag
a1e70246868f0fc9e3e6e1bd454f2b0b13170c3b,com.thinkaurelius.titan.graphdb.loading.EdgeLoadingTest.edgeLoadingTest()V,0.0,0,0,0,0.0,0.0,0,0,108.278,33.3,18729.9,705.273,117,28,1040.55,562.461,90.142,52.7146,54.4484,31.8412,1,0,0,0,5,0.0,0,0,0.0,0,19,20,16,0,19,20,16,0,0,0,0,12,0,0,0,0,0,0,0,0,0,0,0,0,0,12,0,0,0,0,0,0,0,0,0,0,0,0,0,0,0,0,Bag
0221302fd6e14f6d4c85062bd25fcd0608ff1a14,com.thinkaurelius.titan.diskstorage.Backend$2.call()Ljava/lang/String;,0.0,0,0,0,0.0,0.0,0,0,117.759,25.1429,6962.18,364.611,57,29,386.788,276.905,103.535,60.5468,74.0759,43.3192,4,1,1,0,2,0.0,0,0,0.0,0,10,10,5,0,10,10,5,0,0,0,1,0,0,0,0,0,0,0,0,0,0,0,0,0,0,0,0,0,0,0,0,0,0,0,0,0,0,0,0,1,0,0,Bag
627201ea7c20d1f72ab1d548ad5ec11041da09ee,com.thinkaurelius.titan.diskstorage.Backend.getStorageManager(Lcom/thinkaurelius/titan/diskstorage/configuration/Configuration;)Lcom/thinkaurelius/titan/diskstorage/keycolumnvalue/KeyColumnValueStoreManager;,0.0,0,0,0,0.0,0.0,0,0,116.239,21.0,5202.9,300.26,51,29,289.05,247.757,106.28,62.1522,77.8327,45.5162,2,1,1,3,3,0.0,0,0,0.0,0,9,9,5,1,9,9,5,0,0,0,0,0,0,0,0,0,0,0,0,0,0,0,0,0,0,0,0,0,0,0,0,0,0,0,0,0,0,0,0,0,0,0,Bag
21d712306d38cb33488304cd356b0c812323557d,com.thinkaurelius.titan.graphdb.database.idassigner.StandardIDPool.waitForIDBlockGetter()V,0.0,0,0,0,0.0,0.0,0,0,252.904,29.7,20924.7,759.345,123,53,1162.48,704.534,84.9558,49.6818,68.5881,40.11,5,2,2,2,3,0.08,2,0,0.08,2,23,25,12,0,23,25,12,0,0,0,0,1,0,0,0,0,0,0,0,0,1,0,0,0,0,0,0,0,0,0,0,0,0,0,0,0,0,0,0,0,0,0,NoBug
e7167fe372470cbecec7f2713ca423fb319e455a,com.thinkaurelius.titan.graphdb.TitanGraphTest.testSchemaNameChange()V,0.0,0,0,0,0.0,0.0,0,0,770.741,48.4067,142993.0,2734.5,422,128,7944.07,2954.0,64.2984,37.6014,36.7903,21.5148,1,0,0,0,36,0.0677966,4,0,0.0677966,4,55,74,52,0,55,74,52,0,0,0,5,32,0,0,0,0,0,0,0,0,0,0,0,3,0,29,0,0,0,0,0,0,0,0,0,0,0,0,5,0,0,0,Bag
37491a904e67614fbac185f651adbc0e9d405b4b,com.thinkaurelius.titan.diskstorage.configuration.BasicConfiguration.getAll()Ljava/util/Map;,0.0,0,0,0,0.0,0.0,0,0,190.226,30.0,14235.7,587.381,88,42,790.873,474.524,94.1656,55.0676,60.5586,35.4144,4,2,2,1,5,0.0,0,0,0.0,0,15,16,10,0,15,16,10,0,0,0,0,0,0,0,0,0,0,0,0,0,0,0,0,0,0,0,0,0,0,0,0,0,0,0,0,0,0,0,0,0,0,0,Bag
4bb50eed4955f432a43b0a5b60ed6357ba14f004,com.thinkaurelius.titan.graphdb.query.QueryUtil.hasFirstKeyConstraint(Lcom/thinkaurelius/titan/graphdb/query/InternalTitanQuery;)Z,0.0,0,0,0,0.0,0.0,0,0,125.549,22.0,5829.39,323.903,54,30,323.855,264.972,112.269,65.6546,86.5752,50.6288,3,1,1,1,6,0.0,0,0,0.0,0,6,6,6,1,6,6,6,0,0,0,0,5,0,0,4,0,0,0,0,0,1,0,0,0,0,0,0,0,0,0,0,0,0,0,0,0,0,0,0,0,0,0,Bag
ac746d5753151c1904efda645429fca6a9086231,com.thinkaurelius.titan.graphdb.TitanGraphTest.testIteration()V,0.0,0,0,0,0.0,0.0,0,0,161.726,36.4412,29451.1,953.676,154,38,1636.17,808.181,79.3522,46.4048,39.0856,22.8571,3,2,2,0,4,0.0,0,0,0.0,0,32,35,29,0,32,35,29,0,0,0,0,13,0,0,0,0,0,0,0,0,0,0,0,0,0,13,0,0,0,0,0,0,0,0,0,0,0,0,0,0,0,0,Bag
21d712306d38cb33488304cd356b0c812323557d,com.thinkaurelius.titan.graphdb.database.idassigner.StandardIDPool.close()V,0.0,0,0,0,0.0,0.0,0,0,84.9966,9.91667,1300.9,119.169,29,23,72.2723,131.183,107.88,63.0876,80.1405,46.8658,2,1,1,1,2,0.0,0,0,0.0,0,10,10,5,0,10,10,5,0,0,0,0,1,0,0,0,0,0,0,0,0,1,0,0,0,0,0,0,0,0,0,0,0,0,0,0,0,0,0,0,0,0,0,NoBug
28650a32ec86c8fdccc8518318116ed408f1346b,com.thinkaurelius.titan.graphdb.database.IndexSerializer.addEdge(Lcom/thinkaurelius/titan/graphdb/internal/InternalRelation;Lcom/thinkaurelius/titan/diskstorage/BackendTransaction;)V,0.0,0,0,0,0.0,0.0,0,0,242.441,47.5,28148.7,925.35,105,50,1563.82,592.605,89.8264,52.5301,54.4004,31.8131,5,4,4,1,11,0.0,0,0,0.0,0,18,18,9,2,18,18,9,0,1,0,0,0,0,0,0,0,0,0,0,0,1,0,0,0,0,0,0,0,0,0,0,0,0,0,0,0,0,0,0,0,0,0,Bag
21d712306d38cb33488304cd356b0c812323557d,com.thinkaurelius.titan.graphdb.idmanagement.IDPoolTest.testAllocationTimeoutAndRecovery()V,0.0,0,0,0,0.0,0.0,0,0,111.906,7.0,2210.38,169.686,65,29,122.799,315.769,90.5391,52.9468,76.7458,44.8806,2,1,1,0,0,0.0833333,2,0,0.0350877,2,22,31,15,0,55,69,25,0,1,0,7,3,0,1,0,0,0,0,0,0,1,1,0,1,0,1,0,0,0,0,0,0,0,0,0,0,0,0,0,0,7,0,NoBug
7d69240e324cb5c2bef71a25dc88fbead1697308,com.thinkaurelius.titan.graphdb.relations.StandardProperty.getPropertyDirect(Lcom/thinkaurelius/titan/core/TitanType;)Ljava/lang/Object;,0.0,0,0,0,0.0,0.0,0,0,46.0537,6.875,456.618,59.2974,17,15,25.3677,66.4171,126.493,73.9725,106.892,62.5099,1,0,0,0,0,0.0,0,0,0.0,0,4,4,1,1,4,4,1,0,0,0,0,0,0,0,0,0,0,0,0,0,0,0,0,0,0,0,0,0,0,0,0,0,0,0,0,0,0,0,0,0,0,0,Bag
37491a904e67614fbac185f651adbc0e9d405b4b,com.thinkaurelius.titan.core.TitanFactory$Builder.open()Lcom/thinkaurelius/titan/core/TitanGraph;,0.0,0,0,0,0.0,0.0,0,0,15.5098,3.0,67.3765,16.5579,8,7,3.74314,22.4588,136.792,79.9952,168.786,98.7051,1,0,0,0,0,0.625,5,5,0.625,5,3,3,1,0,3,3,1,0,0,0,0,0,0,0,0,0,0,0,0,0,0,0,0,0,0,0,0,0,0,0,0,0,0,0,0,0,0,0,0,0,0,0,Bag
a1e70246868f0fc9e3e6e1bd454f2b0b13170c3b,com.thinkaurelius.titan.graphdb.query.DisjunctiveQueryIterable.iterator()Ljava/util/Iterator;,0.0,0,0,0,0.0,0.0,0,0,42.8086,5.5,335.047,48.2396,16,14,18.6137,60.9177,126.943,74.2354,107.54,62.8891,1,0,0,0,1,0.0,0,0,0.0,0,4,4,1,0,4,4,1,0,0,0,0,0,0,0,0,0,0,0,0,0,0,0,0,0,0,0,0,0,0,0,0,0,0,0,0,0,0,0,0,0,0,0,Bag
996dd26106e7310f2a8681591e7b86596f690532,com.thinkaurelius.titan.diskstorage.keycolumnvalue.SliceQuery.<init>(Lcom/thinkaurelius/titan/diskstorage/StaticBuffer;Lcom/thinkaurelius/titan/diskstorage/StaticBuffer;Z)V,0.0,0,0,0,0.0,0.0,0,0,71.5489,9.33333,1598.8,136.73,39,21,88.8224,171.3,114.768,67.1156,90.0776,52.677,2,0,0,6,1,0.0,0,0,0.0,0,6,7,4,3,6,7,4,0,0,0,0,0,0,0,0,0,0,0,0,0,0,0,0,0,0,0,0,0,0,0,0,0,0,0,0,0,0,0,0,0,0,0,NoBug
63cd447da2fac871c2528fcec575e19b10e7330b,com.thinkaurelius.faunus.formats.titan.TitanInputFormat.inputSlice(LVertexQueryFilter;LTitanGraph;)LSliceQuery;,0.0,0,0,0,0.0,0.0,0,0,123.164,15.2308,5055.57,294.564,67,31,280.865,331.931,101.508,59.3617,70.9486,41.4904,2,1,1,2,0,0.0,0,0,0.0,0,11,11,8,2,11,11,8,0,0,0,0,2,0,0,0,0,0,0,1,0,1,0,0,0,0,0,0,0,0,0,0,0,0,0,0,0,0,0,0,0,0,0,Bag
4f70fa55415d4fd6784fb5aa57850121949b786d,com.thinkaurelius.titan.diskstorage.es.ElasticsearchRunner.startImpl()Lcom/thinkaurelius/titan/diskstorage/es/ElasticsearchStatus;,0.0,0,0,0,0.0,0.0,0,0,122.79,8.5,2863.53,201.651,68,31,159.085,336.885,90.8265,53.1149,55.945,32.7164,6,1,1,0,0,0.0,0,0,0.0,0,20,24,13,0,20,24,13,0,0,0,3,0,0,0,0,0,0,0,0,0,1,0,0,0,0,0,0,0,0,0,0,0,0,0,0,0,0,0,0,0,2,0,NoBug
97f3c69b06ed6cf67dab963c4157eb9a0a77d50c,com.thinkaurelius.titan.graphdb.blueprints.TitanBlueprintsGraph.rollback()V,1.0,1,2,1,1.0,1.0,12,12,92.3203,19.0,3484.57,229.844,40,24,193.587,183.398,102.954,60.2069,73.1357,42.7694,3,2,2,1,2,0.0,0,0,0.0,0,12,12,6,0,12,12,6,0,0,0,0,0,0,0,0,0,0,0,0,0,0,0,0,0,0,0,0,0,0,0,0,0,0,0,0,0,0,0,0,0,0,0,NoBug
5bbc7807c15d0918a7d228998f5ad333649945f3,com.thinkaurelius.titan.graphdb.types.system.SystemTypeManager.getSystemEdgeType(J)Lcom/thinkaurelius/titan/graphdb/types/system/SystemType;,0.0,0,0,0,0.0,0.0,0,0,208.054,48.6111,31050.5,987.899,117,44,1725.03,638.753,91.3446,53.4179,74.9384,43.8236,5,2,2,1,3,0.0588235,1,0,0.0588235,1,16,17,12,1,16,17,12,0,1,0,0,8,0,0,1,0,0,0,0,0,8,0,0,0,0,0,0,0,0,0,0,0,0,0,0,0,0,0,0,0,0,0,NoBug
a1e70246868f0fc9e3e6e1bd454f2b0b13170c3b,com.thinkaurelius.titan.util.interval.IntervalUtil.getInterval(LV;LQuery.Compare;)LAtomicInterval;,0.0,0,0,0,0.0,0.0,0,0,197.869,19.8529,11055.3,496.267,102,44,614.186,556.862,89.6899,52.4502,54.4071,31.817,7,1,1,1,3,0.0,0,0,0.0,0,18,18,8,2,18,18,8,0,0,0,0,0,0,0,0,0,0,0,0,0,0,0,0,0,0,0,0,0,0,0,0,0,0,0,0,0,0,0,0,0,0,0,Bag
ac746d5753151c1904efda645429fca6a9086231,com.thinkaurelius.titan.graphdb.transaction.AbstractTitanTx.getExisting(J)Lcom/thinkaurelius/titan/graphdb/vertices/InternalTitanVertex;,0.0,0,0,0,0.0,0.0,0,0,203.02,41.3333,25273.5,861.213,112,44,1404.08,611.456,89.4336,52.3003,53.9355,31.5412,6,4,2,1,9,0.0,0,0,0.0,0,18,19,15,1,18,19,15,0,0,0,0,3,0,0,3,0,0,0,0,0,0,0,0,0,0,0,0,0,0,0,0,0,0,0,0,0,0,0,0,0,0,0,Bag
63cd447da2fac871c2528fcec575e19b10e7330b,com.thinkaurelius.faunus.FaunusVertexTest.testLargeProperty()V,0.0,0,0,0,0.0,0.0,0,0,219.768,31.8214,16968.5,660.331,96,47,942.693,533.241,96.3372,56.3375,83.6035,48.8909,2,1,1,0,5,0.0714286,1,0,0.0714286,1,13,15,12,0,13,15,12,0,1,0,2,3,0,0,0,0,0,0,0,0,1,0,0,0,0,3,0,0,0,0,0,0,0,0,0,1,0,0,0,1,0,0,Bag
996dd26106e7310f2a8681591e7b86596f690532,com.thinkaurelius.titan.diskstorage.util.MetricInstrumentedStore$4.call()Ljava/lang/Void;,1.0,1,1,1,1.0,1.0,4,4,48.1808,4.5,306.0,45.4096,17,16,17.0,68.0,126.371,73.9009,106.715,62.4065,1,0,0,0,1,0.0,0,0,0.0,0,4,4,2,0,4,4,2,0,0,0,0,0,0,0,0,0,0,0,0,0,0,0,0,0,0,0,0,0,0,0,0,0,0,0,0,0,0,0,0,0,0,0,NoBug
996dd26106e7310f2a8681591e7b86596f690532,com.thinkaurelius.titan.diskstorage.keycolumnvalue.CachedKeyColumnValueStore.getSlice(Lcom/thinkaurelius/titan/diskstorage/keycolumnvalue/KeySliceQuery;Lcom/thinkaurelius/titan/diskstorage/keycolumnvalue/StoreTransaction;)Ljava/util/List;,0.0,0,0,0,0.0,0.0,0,0,285.081,44.8,33448.1,1038.12,128,57,1858.23,746.61,83.9642,49.1019,46.2484,27.0458,8,3,3,1,5,0.0,0,0,0.0,0,23,23,14,2,28,28,16,0,0,0,1,6,0,0,4,0,0,0,0,0,3,0,0,0,0,0,0,0,0,0,0,0,0,0,0,0,0,0,0,0,0,0,NoBug
ee1d562528178614735f8e5526856dc1e407c97e,com.thinkaurelius.titan.diskstorage.cassandra.thrift.thriftpool.CTConnectionFactory$Config.<init>([Ljava/lang/String;ILjava/lang/String;Ljava/lang/String;)V,0.0,0,0,0,0.0,0.0,0,0,35.6096,4.0,399.647,54.2565,27,13,22.2026,99.9119,117.801,68.8896,94.3522,55.1767,1,0,0,0,0,0.0,0,0,0.0,0,6,6,4,4,6,6,4,0,0,0,0,0,0,0,0,0,0,0,0,0,0,0,0,0,0,0,0,0,0,0,0,0,0,0,0,0,0,0,0,0,0,0,NoBug
63cd447da2fac871c2528fcec575e19b10e7330b,com.thinkaurelius.faunus.FaunusPipeline.has(Ljava/lang/String;[Ljava/lang/Object;)Lcom/thinkaurelius/faunus/FaunusPipeline;,0.0,0,0,0,0.0,0.0,0,0,47.7744,10.0,781.378,84.8348,20,15,43.4099,78.1378,130.308,76.2038,160.522,93.8727,1,0,0,0,1,0.7,7,7,0.7,7,3,3,1,2,3,3,1,0,0,0,0,0,0,0,0,0,0,0,0,0,0,0,0,0,0,0,0,0,0,0,0,0,0,0,0,0,0,0,0,0,0,0,Bag
ee1d562528178614735f8e5526856dc1e407c97e,com.thinkaurelius.titan.diskstorage.log.kcvs.KCVSLogManager.close()V,0.0,0,0,0,0.0,0.0,0,0,30.5293,4.5,202.377,34.4699,13,11,11.2432,44.9726,128.291,75.0237,154.044,90.0839,2,1,1,2,0,0.5,4,0,0.5,4,4,8,2,0,4,8,2,0,0,0,0,2,0,0,1,0,0,0,0,0,1,0,0,0,0,0,0,0,0,0,0,0,0,0,0,0,0,0,0,0,0,0,NoBug
4f70fa55415d4fd6784fb5aa57850121949b786d,com.thinkaurelius.titan.diskstorage.es.ElasticSearchConfigTest.testNetworkNodeUsingYaml()V,0.248408,1,2,1,0.366667,0.333333,11,9,107.02,6.0,2192.15,168.751,76,28,121.786,365.359,86.4629,50.5631,63.6726,37.2354,2,1,1,0,0,0.0357143,1,0,0.0357143,1,27,30,20,0,27,30,20,0,0,0,5,1,0,0,0,0,0,0,0,0,0,0,0,1,0,0,0,0,0,0,0,0,0,0,0,0,0,0,0,0,5,0,NoBug
bd1445809192f13ed0674e0a81c8117fe263b0a0,com.thinkaurelius.titan.graphdb.TitanGraphTest.testIteration()V,0.0,0,0,0,0.0,0.0,0,0,161.726,36.4412,29451.1,953.676,154,38,1636.17,808.181,79.3522,46.4048,39.0856,22.8571,3,2,2,0,4,0.0,0,0,0.0,0,32,35,29,0,32,35,29,0,0,0,0,13,0,0,0,0,0,0,0,0,0,0,0,0,0,13,0,0,0,0,0,0,0,0,0,0,0,0,0,0,0,0,Bag
21d712306d38cb33488304cd356b0c812323557d,com.thinkaurelius.titan.diskstorage.keycolumnvalue.StandardStoreFeatures$Builder.build()Lcom/thinkaurelius/titan/diskstorage/keycolumnvalue/StandardStoreFeatures;,0.0,0,0,0,0.0,0.0,0,0,11.6096,2.5,38.7744,11.4559,6,6,2.15414,15.5098,120.919,70.7131,98.8507,57.8074,1,0,0,1,0,0.0,0,0,0.0,0,9,9,1,0,9,9,1,0,0,0,0,0,0,0,0,0,0,0,0,0,0,0,0,0,0,0,0,0,0,0,0,0,0,0,0,0,0,0,0,0,0,0,NoBug
a1e70246868f0fc9e3e6e1bd454f2b0b13170c3b,com.thinkaurelius.titan.graphdb.relations.LabeledTitanEdge.getProperty(Lcom/thinkaurelius/titan/core/TitanKey;Ljava/lang/Class;)Ljava/lang/Object;,1.0,1,3,1,1.0,1.0,10,10,178.935,22.4091,7155.57,371.333,60,40,397.532,319.316,103.024,60.2479,73.2368,42.8285,3,2,2,1,5,0.0,0,0,0.0,0,10,10,6,2,10,10,6,0,0,0,0,1,0,0,1,0,0,0,0,0,0,0,0,0,0,0,0,0,0,0,0,0,0,0,0,0,0,0,0,0,0,0,Bag
69a156e0249a0173b717cdade73db96a53321bcb,com.thinkaurelius.titan.diskstorage.hazelcast.AbstractHazelcastStoreManager.<init>(LConfiguration;)V,0.0,0,0,0,0.0,0.0,0,0,72.1057,7.3125,867.208,90.9387,27,21,48.1782,118.593,114.183,66.7735,89.2335,52.1833,2,1,1,2,2,0.0,0,0,0.0,0,7,8,5,1,7,8,5,0,0,0,0,2,0,0,2,0,0,0,0,0,0,0,0,0,0,0,0,0,0,0,0,0,0,0,0,0,0,0,0,0,0,0,Bag
4f70fa55415d4fd6784fb5aa57850121949b786d,com.thinkaurelius.titan.diskstorage.es.ElasticSearchConfigTest.testNetworkNodeUsingExt()V,0.203125,1,2,1,0.314286,0.28125,11,9,170.317,6.5,3641.64,236.7,106,39,202.313,560.253,81.4875,47.6535,55.3855,32.3892,2,1,1,0,0,0.030303,1,0,0.030303,1,32,35,24,0,32,35,24,0,0,0,7,1,0,1,0,0,0,0,0,0,0,0,0,1,0,0,0,0,0,0,0,0,0,0,0,0,0,0,0,0,6,0,NoBug
bd1445809192f13ed0674e0a81c8117fe263b0a0,com.thinkaurelius.titan.graphdb.relations.factory.RelationFactoryUtil.connectRelation(Lcom/thinkaurelius/titan/graphdb/relations/InternalRelation;ZLcom/thinkaurelius/titan/graphdb/transaction/InternalTitanTransaction;)V,0.0,0,0,0,0.0,0.0,0,0,332.454,54.4762,58397.5,1505.21,178,65,3244.3,1071.98,77.2865,45.1968,56.7982,33.2153,15,2,2,9,13,0.0666667,2,0,0.0666667,2,28,37,24,3,28,37,24,0,0,0,0,5,0,0,4,0,0,0,1,0,0,0,0,0,0,0,0,0,0,0,0,0,0,0,0,0,0,0,0,0,0,0,Bag
63cd447da2fac871c2528fcec575e19b10e7330b,com.thinkaurelius.faunus.mapreduce.util.ElementCheckerTest.testGreaterThan()V,1.0,1,1,1,1.0,1.0,19,15,146.213,10.9318,6111.89,334.285,109,35,339.549,559.092,94.0028,54.9724,60.0183,35.0984,1,0,0,0,4,0.0,0,0,0.0,0,15,19,13,0,15,19,13,0,0,0,0,7,0,0,0,0,0,0,0,0,0,0,0,0,0,7,0,0,0,0,0,0,0,0,0,0,0,0,0,0,0,0,Bag
7d69240e324cb5c2bef71a25dc88fbead1697308,com.thinkaurelius.titan.graphdb.relations.CacheEdge.getLifeCycle()B,0.0,0,0,0,0.0,0.0,0,0,98.0482,10.0,1857.54,151.11,40,25,103.197,185.754,116.84,68.3275,93.2711,54.5445,4,1,1,0,6,0.0,0,0,0.0,0,5,5,3,0,5,5,3,0,0,0,0,2,0,0,1,0,0,0,0,0,1,0,0,0,0,0,0,0,0,0,0,0,0,0,0,0,0,0,0,0,0,0,Bag
a1e70246868f0fc9e3e6e1bd454f2b0b13170c3b,com.thinkaurelius.titan.graphdb.vertices.AbstractTitanVertex.getRelations()Ljava/lang/Iterable;,0.0,0,0,0,0.0,0.0,0,0,53.303,7.0,437.572,57.6368,16,15,24.3095,62.5103,126.808,74.1569,107.347,62.7758,1,0,0,0,2,0.0,0,0,0.0,0,4,4,1,0,4,4,1,0,0,0,0,0,0,0,0,0,0,0,0,0,0,0,0,0,0,0,0,0,0,0,0,0,0,0,0,0,0,0,0,0,0,0,Bag
2beffb4767bcaab8cdfb54dbcb08c819c0a8dd3c,com.thinkaurelius.titan.graphdb.transaction.StandardTitanTx$VertexConstructor.get(Ljava/lang/Long;)Lcom/thinkaurelius/titan/graphdb/internal/InternalVertex;,0.0,0,0,0,0.0,0.0,0,0,114.968,10.0,5878.16,325.707,121,29,326.564,587.816,74.8628,43.7794,45.7083,26.73,14,5,3,0,0,0.0243902,1,0,0.0243902,1,40,43,30,1,40,43,30,0,0,0,3,6,0,1,4,0,0,0,0,0,1,0,0,0,0,0,0,0,0,0,0,0,0,0,0,0,0,0,0,0,3,0,Bag
4bc081be419e372fa611b672481294033f98f4aa,com.thinkaurelius.titan.graphdb.TitanGraphTest.testThreadBoundTx()V,0.0,0,0,0,0.0,0.0,0,0,1005.55,27.6721,100544.0,2162.24,500,154,5585.76,3633.39,57.9454,33.8862,25.594,14.9673,4,1,1,0,13,0.0519481,4,4,0.0519481,4,73,85,67,0,73,85,67,0,0,0,2,33,0,0,0,0,0,0,0,0,0,0,0,9,0,24,0,0,0,0,0,0,0,0,0,0,0,0,2,0,0,0,Bag
310af27dbd22377fa2bd9597d3a61227977918d2,com.thinkaurelius.titan.graphdb.database.idassigner.StandardIDPool.close()V,0.0,0,0,0,0.0,0.0,0,0,84.9966,9.91667,1300.9,119.169,29,23,72.2723,131.183,107.88,63.0876,102.655,60.0324,2,1,1,1,2,0.0909091,1,0,0.0909091,1,10,11,5,0,10,11,5,0,0,0,0,1,0,0,0,0,0,0,0,0,1,0,0,0,0,0,0,0,0,0,0,0,0,0,0,0,0,0,0,0,0,0,Bag
5030ddbd044b915588512ef74029ca9ac3095392,com.thinkaurelius.titan.diskstorage.util.KeyValueStoreAdapter.columnInRange(Ljava/nio/ByteBuffer;Ljava/nio/ByteBuffer;Ljava/nio/ByteBuffer;ZZ)Z,0.0,0,0,0,0.0,0.0,0,0,135.258,25.375,11136.1,498.681,87,33,618.674,438.862,98.4167,57.5537,66.59,38.9415,3,1,1,1,2,0.0,0,0,0.0,0,12,13,9,5,12,13,9,0,0,0,0,3,0,0,2,0,0,0,1,0,0,0,0,0,0,0,0,0,0,0,0,0,0,0,0,0,0,0,0,0,0,0,Bag
736d71a8f5d93e0d3af1279a3edca9adcc4d0f94,com.thinkaurelius.titan.graphdb.transaction.StandardTransactionBuilder.customOption(Ljava/lang/String;Ljava/lang/Object;)Lcom/thinkaurelius/titan/core/TransactionBuilder;,0.0,0,0,0,0.0,0.0,0,0,42.8086,5.5,355.988,50.2293,17,14,19.7771,64.725,123.012,71.937,101.87,59.5732,1,0,0,0,0,0.0,0,0,0.0,0,5,5,2,2,5,5,2,0,0,0,0,0,0,0,0,0,0,0,0,0,0,0,0,0,0,0,0,0,0,0,0,0,0,0,0,0,0,0,0,0,0,0,Bag
78e78eac4e59a716b323408c75aacfdc6e138508,com.thinkaurelius.titan.graphdb.tinkerpop.TitanBlueprintsGraph.close()V,0.0,0,0,0,0.0,0.0,0,0,33.2842,4.5,258.117,40.5395,16,12,14.3398,57.3594,115.796,67.7172,91.5618,53.5449,2,1,1,0,0,0.0,0,0,0.0,0,8,8,4,0,8,8,4,0,0,0,0,1,0,0,0,0,0,0,0,0,1,0,0,0,0,0,0,0,0,0,0,0,0,0,0,0,0,0,0,0,0,0,Bag
28650a32ec86c8fdccc8518318116ed408f1346b,com.thinkaurelius.titan.graphdb.database.IndexSerializer.bytebuffer2RelationId(Lcom/thinkaurelius/titan/diskstorage/ReadBuffer;)Lcom/thinkaurelius/titan/graphdb/relations/RelationIdentifier;,0.0,0,0,0,0.0,0.0,0,0,117.759,20.4286,4267.39,263.092,43,29,237.077,208.893,116.69,68.2395,92.8503,54.2984,2,1,1,1,2,0.0,0,0,0.0,0,5,5,6,1,5,5,6,0,0,0,0,1,0,0,1,0,0,0,0,0,0,0,0,0,0,0,0,0,0,0,0,0,0,0,0,0,0,0,0,0,0,0,Bag
af0cb5e914ec2a77b4dcceae3eea5ebfef3a52ad,com.thinkaurelius.titan.graphdb.TitanIndexTest.testIndexing()V,0.770064,2,20,5,0.638655,0.652632,76,62,1897.65,64.125,702173.0,7900.04,1364,261,39009.6,10950.1,45.8715,26.8254,2.8324,1.65638,13,1,1,0,19,0.0206186,2,0,0.0206186,2,95,119,101,0,95,119,101,0,0,0,7,32,0,0,0,0,0,0,1,0,0,0,0,0,0,31,0,0,0,0,0,0,0,0,0,0,0,0,4,0,3,0,Bag
736d71a8f5d93e0d3af1279a3edca9adcc4d0f94,com.thinkaurelius.titan.graphdb.types.vertices.TitanSchemaVertex.getDefinition()Lcom/thinkaurelius/titan/graphdb/types/TypeDefinitionMap;,0.0,0,0,0,0.0,0.0,0,0,119.658,10.0,3483.89,229.814,71,30,193.55,348.389,87.2669,51.0333,50.7078,29.6537,5,2,2,0,0,0.0,0,0,0.0,0,25,25,16,0,25,25,16,0,0,0,4,0,0,0,0,0,0,0,0,0,0,0,0,0,0,0,0,0,0,0,0,0,0,0,0,0,0,0,0,0,4,0,Bag
0221302fd6e14f6d4c85062bd25fcd0608ff1a14,com.thinkaurelius.titan.diskstorage.Backend$2.toString()Ljava/lang/String;,0.0,0,0,0,0.0,0.0,0,0,13.6096,2.5,49.1287,13.414,7,7,2.72937,19.6515,144.055,84.2425,132.228,77.3262,1,0,0,0,0,0.0,0,0,0.0,0,2,2,1,0,2,2,1,0,0,0,0,0,0,0,0,0,0,0,0,0,0,0,0,0,0,0,0,0,0,0,0,0,0,0,0,0,0,0,0,0,0,0,Bag
a1e70246868f0fc9e3e6e1bd454f2b0b13170c3b,com.thinkaurelius.titan.util.interval.Range.inInterval(Ljava/lang/Object;)Z,0.0,0,0,0,0.0,0.0,0,0,220.138,17.02,8935.27,430.598,94,48,496.404,524.986,94.3483,55.1744,61.535,35.9854,11,3,1,2,0,0.0,0,0,0.0,0,13,13,13,1,13,13,13,0,0,0,0,7,0,0,5,0,0,0,0,0,2,0,0,0,0,0,0,0,0,0,0,0,0,0,0,0,0,0,0,0,0,0,Bag
a1e70246868f0fc9e3e6e1bd454f2b0b13170c3b,com.thinkaurelius.titan.graphdb.relations.LabeledTitanEdge.getEdges()Ljava/lang/Iterable;,0.0,0,0,0,0.0,0.0,0,0,53.303,7.0,437.572,57.6368,16,15,24.3095,62.5103,126.808,74.1569,107.347,62.7758,1,0,0,1,2,0.0,0,0,0.0,0,4,4,1,0,4,4,1,0,0,0,0,0,0,0,0,0,0,0,0,0,0,0,0,0,0,0,0,0,0,0,0,0,0,0,0,0,0,0,0,0,0,0,Bag
9b9d0857f6a2d36c4b9dc91d58bee6d5ae0d1bb1,com.thinkaurelius.titan.graphdb.transaction.StandardTitanTx.removeRelation(Lcom/thinkaurelius/titan/graphdb/internal/InternalRelation;)V,0.0,0,0,0,0.0,0.0,0,0,255.007,65.3333,45583.6,1276.06,123,51,2532.42,697.708,84.5464,49.4424,68.2011,39.8837,7,4,4,4,11,0.08,2,0,0.08,2,23,25,17,1,23,25,17,0,0,0,0,4,0,0,4,0,0,0,0,0,0,0,0,0,0,0,0,0,0,0,0,0,0,0,0,0,0,0,0,0,0,0,Bag
e7167fe372470cbecec7f2713ca423fb319e455a,com.thinkaurelius.titan.graphdb.TitanPartitionGraphTest.testVertexPartitioning()V,0.0,0,0,0,0.0,0.0,0,0,1860.37,20.0,135551.0,2638.78,849,253,7530.62,6777.56,32.682,19.1123,-7.60783,0.0,32,4,4,0,0,0.0544554,11,0,0.0544554,11,191,221,183,0,191,221,183,0,0,0,66,65,0,0,4,0,0,0,1,0,0,0,0,0,0,60,0,0,0,0,0,0,0,0,0,0,0,0,7,1,58,0,Bag
37491a904e67614fbac185f651adbc0e9d405b4b,com.thinkaurelius.titan.diskstorage.es.ElasticSearchConfigTest.testLocalNodeUsingExtAndIndexDirectory()V,0.0,0,0,0,0.0,0.0,0,0,130.292,5.5,2200.0,169.154,80,32,122.222,400.0,91.9145,53.7512,57.0055,33.3366,1,0,0,0,0,0.0,0,0,0.0,0,19,23,14,0,19,23,14,0,0,0,5,3,0,0,0,0,0,0,0,0,0,0,0,0,0,3,0,0,0,0,0,0,0,0,0,0,0,0,0,0,5,0,Bag
0221302fd6e14f6d4c85062bd25fcd0608ff1a14,com.thinkaurelius.titan.diskstorage.Backend.getIndexInformation()Ljava/util/Map;,0.0,0,0,0,0.0,0.0,0,0,70.213,12.0,1815.21,148.805,35,20,100.845,151.267,115.644,67.6283,134.473,78.6394,1,0,0,1,0,0.454545,5,5,0.454545,5,6,6,4,0,6,6,4,0,0,0,0,0,0,0,0,0,0,0,0,0,0,0,0,0,0,0,0,0,0,0,0,0,0,0,0,0,0,0,0,0,0,0,Bag
0221302fd6e14f6d4c85062bd25fcd0608ff1a14,com.thinkaurelius.titan.diskstorage.Backend.initialize(LConfiguration;)V,0.0,0,0,0,0.0,0.0,0,0,420.549,41.1212,54436.0,1436.34,210,79,3024.22,1323.79,74.1844,43.3827,60.0668,35.1268,8,3,2,1,14,0.146341,6,5,0.113208,6,35,41,24,1,47,53,30,0,0,0,1,1,0,0,0,0,0,0,0,0,1,0,0,0,0,0,0,0,0,0,0,0,0,0,0,0,0,0,0,1,0,0,Bag
0d269e350f01e145b0eec0157b9c45274b2023f7,com.thinkaurelius.titan.diskstorage.IDAuthorityTest.testSimpleIDAcquisition()V,0.0,0,0,0,0.0,0.0,0,0,264.573,27.0,15921.9,632.892,102,55,884.548,589.699,91.008,53.221,56.0032,32.7504,4,3,3,0,5,0.0,0,0,0.0,0,17,17,14,0,17,17,14,0,0,0,0,3,0,0,2,0,0,0,0,0,0,0,0,0,0,1,0,0,0,0,0,0,0,0,0,0,0,0,0,0,0,0,Bag
7181d969d170523ab94e96f8b9c53713a76ef0ad,com.thinkaurelius.titan.graphdb.relations.CacheEdge.copyProperties(Lcom/thinkaurelius/titan/graphdb/internal/InternalRelation;)V,0.0,0,0,0,0.0,0.0,0,0,28.7549,4.0,193.728,33.4808,14,11,10.7627,48.432,124.29,72.6844,103.816,60.711,2,1,1,0,0,0.0,0,0,0.0,0,5,5,2,1,5,5,2,0,0,0,1,0,0,0,0,0,0,0,0,0,0,0,0,0,0,0,0,0,0,0,0,0,0,0,0,0,0,0,0,0,1,0,Bag
63cd447da2fac871c2528fcec575e19b10e7330b,com.thinkaurelius.faunus.tinkerpop.gremlin.ScriptExecutor.evaluate(Ljava/io/Reader;Ljava/util/List;)V,0.0,0,0,0,0.0,0.0,0,0,229.137,37.5,18430.4,697.733,88,48,1023.91,491.477,95.1007,55.6145,61.9078,36.2034,4,2,2,1,1,0.0,0,0,0.0,0,14,17,10,2,14,17,10,0,0,0,2,1,0,0,0,0,0,0,0,0,1,0,0,0,0,0,0,1,0,0,0,0,0,0,0,0,0,1,0,0,0,0,Bag
a1e70246868f0fc9e3e6e1bd454f2b0b13170c3b,com.thinkaurelius.titan.graphdb.relations.LabeledTitanEdge.getProperties(Ljava/lang/String;)Ljava/lang/Iterable;,0.0,0,0,0,0.0,0.0,0,0,66.0,12.0,1100.86,106.616,22,18,61.1589,91.7384,124.814,72.9904,104.469,61.0929,1,0,0,0,3,0.0,0,0,0.0,0,4,4,1,1,4,4,1,0,0,0,0,0,0,0,0,0,0,0,0,0,0,0,0,0,0,0,0,0,0,0,0,0,0,0,0,0,0,0,0,0,0,0,Bag
69a156e0249a0173b717cdade73db96a53321bcb,com.thinkaurelius.titan.diskstorage.hazelcast.AbstractHazelcastStoreManager.beginTransaction(Lcom/thinkaurelius/titan/diskstorage/keycolumnvalue/StoreTxConfig;)Lcom/thinkaurelius/titan/diskstorage/keycolumnvalue/StoreTransaction;,0.0,0,0,0,0.0,0.0,0,0,83.0587,13.5,1806.07,148.305,30,22,100.337,133.783,111.393,65.1419,85.2085,49.8295,2,1,1,0,2,0.0,0,0,0.0,0,8,8,3,1,8,8,3,0,0,0,0,1,0,0,0,0,0,0,0,0,1,0,0,0,0,0,0,0,0,0,0,0,0,0,0,0,0,0,0,0,0,0,Bag
97f3c69b06ed6cf67dab963c4157eb9a0a77d50c,com.thinkaurelius.titan.graphdb.blueprints.TitanBlueprintsGraph.getAutoStartTx()Lcom/thinkaurelius/titan/core/TitanTransaction;,0.0,0,0,0,0.0,0.0,0,0,89.1384,17.0,3741.33,241.0,48,24,207.852,220.078,104.959,61.3798,76.029,44.4614,3,1,1,16,2,0.0,0,0,0.0,0,10,10,8,0,10,10,8,0,0,0,0,2,0,0,2,0,0,0,0,0,0,0,0,0,0,0,0,0,0,0,0,0,0,0,0,0,0,0,0,0,0,0,NoBug
a1e70246868f0fc9e3e6e1bd454f2b0b13170c3b,com.thinkaurelius.titan.graphdb.transaction.AbstractTitanTx.query(J)Lcom/thinkaurelius/titan/core/TitanQuery;,0.0,0,0,0,0.0,0.0,0,0,50.1057,9.75,647.567,74.8497,17,15,35.9759,66.4171,126.493,73.9725,106.892,62.5099,1,0,0,0,2,0.0,0,0,0.0,0,4,4,1,1,4,4,1,0,0,0,0,0,0,0,0,0,0,0,0,0,0,0,0,0,0,0,0,0,0,0,0,0,0,0,0,0,0,0,0,0,0,0,Bag
ee1d562528178614735f8e5526856dc1e407c97e,com.thinkaurelius.titan.graphdb.database.serialize.kryo.KryoSerializer.<init>(Ljava/util/List;ZI)V,0.0,0,0,0,0.0,0.0,0,0,64.9126,7.0,1040.74,102.698,35,19,57.819,148.677,107.229,62.7069,101.716,59.4832,2,1,1,0,0,0.0909091,1,0,0.047619,1,10,13,6,3,20,23,15,0,0,0,3,0,0,0,0,0,0,0,0,0,0,0,0,0,0,0,0,0,0,0,0,0,0,0,0,0,0,0,0,0,3,0,NoBug
28650a32ec86c8fdccc8518318116ed408f1346b,com.thinkaurelius.titan.graphdb.database.IndexSerializer.addProperty(Lcom/thinkaurelius/titan/core/TitanProperty;Lcom/thinkaurelius/titan/diskstorage/BackendTransaction;)V,0.0,0,0,0,0.0,0.0,0,0,196.974,57.375,34960.4,1069.18,113,42,1942.25,609.332,91.8198,53.6958,57.1744,33.4353,4,3,3,1,13,0.0,0,0,0.0,0,16,16,7,2,16,16,7,0,1,0,0,0,0,0,0,0,0,0,0,0,1,0,0,0,0,0,0,0,0,0,0,0,0,0,0,0,0,0,0,0,0,0,Bag
28650a32ec86c8fdccc8518318116ed408f1346b,com.thinkaurelius.titan.graphdb.database.IndexSerializer.addKeyValue(Lcom/thinkaurelius/titan/core/TitanElement;Lcom/thinkaurelius/titan/core/TitanKey;Ljava/lang/Object;Ljava/lang/String;Lcom/thinkaurelius/titan/diskstorage/BackendTransaction;)V,0.0,0,0,0,0.0,0.0,0,0,100.362,21.7143,4797.13,284.438,47,26,266.507,220.921,120.243,70.3178,97.8756,57.2372,1,0,0,2,7,0.0,0,0,0.0,0,4,4,2,5,4,4,2,0,0,0,0,0,0,0,0,0,0,0,0,0,0,0,0,0,0,0,0,0,0,0,0,0,0,0,0,0,0,0,0,0,0,0,Bag
63cd447da2fac871c2528fcec575e19b10e7330b,com.thinkaurelius.faunus.mapreduce.filter.PropertyFilterMapTest.testVerticesOnName()V,0.883041,5,5,5,0.842105,0.8,16,12,244.478,18.9815,15256.6,615.137,141,52,847.589,803.762,92.1152,53.8685,57.2951,33.5059,1,0,0,0,6,0.0,0,0,0.0,0,15,19,13,0,15,19,13,0,0,0,1,10,0,0,0,0,0,0,0,0,0,0,0,0,0,10,0,0,0,0,0,0,0,0,0,0,0,0,0,1,0,0,Bag
63cd447da2fac871c2528fcec575e19b10e7330b,com.thinkaurelius.faunus.FaunusPipeline.hasNot(Ljava/lang/String;[Ljava/lang/Object;)Lcom/thinkaurelius/faunus/FaunusPipeline;,0.0,0,0,0,0.0,0.0,0,0,47.7744,10.0,781.378,84.8348,20,15,43.4099,78.1378,130.308,76.2038,160.522,93.8727,1,0,0,0,1,0.7,7,7,0.7,7,3,3,1,2,3,3,1,0,0,0,0,0,0,0,0,0,0,0,0,0,0,0,0,0,0,0,0,0,0,0,0,0,0,0,0,0,0,0,0,0,0,0,Bag
61a915a6afd480c126ad2e5747f3d4c310b2299b,com.thinkaurelius.titan.graphdb.query.AbstractVertexCentricQueryBuilder.constructQuery(Lcom/thinkaurelius/titan/graphdb/internal/RelationType;)Lcom/thinkaurelius/titan/graphdb/query/BaseVertexCentricQuery;,0.135922,1,10,2,0.130841,0.156425,28,28,1726.05,198.319,2031770.0,16041.7,1288,248,112876.0,10245.0,19.1647,11.2074,-16.211,0.0,86,14,12,2,42,0.0959596,19,0,0.0959596,19,179,214,137,1,179,214,137,0,0,0,1,23,0,0,20,0,0,0,1,0,3,0,0,0,0,0,0,0,0,0,0,0,0,0,0,0,0,0,0,0,0,0,NoBug
ee1d562528178614735f8e5526856dc1e407c97e,com.thinkaurelius.titan.graphdb.database.serialize.kryo.KryoSerializer.getKryo()LKryo;,0.0,0,0,0,0.0,0.0,0,0,8.0,2.0,23.2193,8.1389,5,5,1.28996,11.6096,140.223,82.0017,126.7,74.0935,1,0,0,0,0,0.0,0,0,0.0,0,3,3,1,0,3,3,1,0,0,0,0,1,0,0,0,0,0,0,1,0,0,0,0,0,0,0,0,0,0,0,0,0,0,0,0,0,0,0,0,0,0,0,NoBug
38b70fe4708eee2fb5b8646613f8e62777c9c0b0,com.thinkaurelius.titan.graphdb.database.StandardTitanGraph.save(Ljava/util/Collection;Ljava/util/Collection;Lcom/thinkaurelius/titan/graphdb/transaction/InternalTitanTransaction;)V,0.0,0,0,0,0.0,0.0,0,0,947.244,140.339,644036.0,7457.74,634,151,35779.8,4589.15,42.4327,24.8144,13.4258,7.85136,44,6,6,0,29,0.0990991,11,0,0.0990991,11,100,124,82,3,100,124,82,0,0,0,4,18,0,0,16,0,0,0,0,0,5,0,0,0,0,0,0,0,0,0,0,0,0,0,0,0,0,1,0,0,0,0,NoBug
f77a4f7d95c07a0f54fc714dc97ddbb6a19ab431,com.thinkaurelius.titan.graphdb.TitanGraphTest.testThreadBoundTx()V,0.0,0,0,0,0.0,0.0,0,0,963.833,27.7607,98200.4,2128.51,490,149,5455.58,3537.39,57.6342,33.7042,16.8535,9.85582,5,1,1,0,11,0.0133333,1,0,0.0133333,1,74,88,66,0,74,88,66,0,1,0,2,34,0,1,0,0,0,0,0,0,0,1,0,9,0,25,0,0,0,0,0,0,0,0,0,0,0,0,2,0,0,0,NoBug
9d605dcb292894a5b4c7c9f8512426c1dae9d6d4,com.thinkaurelius.titan.graphdb.transaction.StandardTransactionBuilder.getCustomOptions()Lcom/thinkaurelius/titan/diskstorage/configuration/Configuration;,0.0,0,0,0,0.0,0.0,0,0,51.0195,6.0,432.0,57.1464,18,16,24.0,72.0,122.458,71.6131,101.071,59.1059,1,0,0,1,2,0.0,0,0,0.0,0,5,5,1,0,5,5,1,0,0,0,0,1,0,0,0,0,0,0,0,0,1,0,0,0,0,0,0,0,0,0,0,0,0,0,0,0,0,0,0,0,0,0,Bag
e871add0cbdfdc52cf5475b2f62019fb3a35016a,com.thinkaurelius.titan.graphdb.transaction.StandardTitanTx$6.getNew(Lcom/thinkaurelius/titan/graphdb/query/StandardElementQuery;)Ljava/util/Iterator;,0.0,0,0,0,0.0,0.0,0,0,344.529,68.0,86818.5,1960.69,212,65,4823.25,1276.74,78.4981,45.9053,53.3552,31.2019,11,4,4,0,0,0.037037,1,0,0.025641,1,26,27,17,1,38,39,20,0,0,0,0,4,0,0,3,0,0,0,0,0,1,0,0,0,0,0,0,0,0,0,0,0,0,0,0,0,0,0,0,0,0,0,Bag
e7167fe372470cbecec7f2713ca423fb319e455a,com.thinkaurelius.titan.graphdb.TitanGraphTest.testGlobalGraphIndexingAndQueriesForInternalIndexes()V,0.840782,8,28,16,0.7375,0.780864,295,253,4253.38,15.5,250214.0,3970.77,1804,494,13900.8,16142.9,21.9079,12.8117,-20.375,0.0,22,2,2,0,0,0.082153,29,6,0.082153,29,324,400,246,0,324,400,246,0,9,0,45,33,0,9,2,0,0,0,0,0,0,9,0,0,0,31,0,0,0,0,0,0,0,0,0,0,0,1,4,0,40,0,Bag
4bc081be419e372fa611b672481294033f98f4aa,com.thinkaurelius.titan.graphdb.relations.CacheProperty.<init>(JLcom/thinkaurelius/titan/core/PropertyKey;Lcom/thinkaurelius/titan/graphdb/internal/InternalVertex;Ljava/lang/Object;Lcom/thinkaurelius/titan/diskstorage/Entry;)V,0.0,0,0,0,0.0,0.0,0,0,53.5635,5.5,404.659,54.7091,18,17,22.481,73.5743,125.961,73.6613,106.124,62.0609,1,0,0,0,0,0.0,0,0,0.0,0,4,4,2,5,4,4,2,0,0,0,0,0,0,0,0,0,0,0,0,0,0,0,0,0,0,0,0,0,0,0,0,0,0,0,0,0,0,0,0,0,0,0,Bag
28650a32ec86c8fdccc8518318116ed408f1346b,com.thinkaurelius.titan.graphdb.database.IndexSerializer.getIndexValue(Lcom/thinkaurelius/titan/core/TitanProperty;)Lcom/thinkaurelius/titan/diskstorage/StaticBuffer;,0.0,0,0,0,0.0,0.0,0,0,50.1057,9.75,761.844,83.415,20,15,42.3246,78.1378,130.308,76.2038,112.396,65.7288,1,0,0,2,3,0.0,0,0,0.0,0,3,3,1,1,3,3,1,0,0,0,0,0,0,0,0,0,0,0,0,0,0,0,0,0,0,0,0,0,0,0,0,0,0,0,0,0,0,0,0,0,0,0,Bag
2acbf827aca75c65380851dfff34901e88a2f37c,com.thinkaurelius.titan.graphdb.TitanGraphTest.testTypes()V,0.0,0,0,0,0.0,0.0,0,0,1037.19,75.2688,464076.0,5994.13,839,163,25782.0,6165.58,44.8451,26.2252,4.86338,2.84408,10,1,1,0,44,0.0378788,5,0,0.0378788,5,127,158,98,0,127,158,98,0,9,0,7,38,0,9,0,0,0,0,0,0,0,9,0,0,0,38,0,0,0,0,0,0,0,0,0,0,0,0,5,0,2,0,Bag
ee1d562528178614735f8e5526856dc1e407c97e,com.thinkaurelius.titan.graphdb.database.StandardTitanGraph.closeInternal()V,0.0,0,0,0,0.0,0.0,0,0,70.213,7.5,1296.58,118.905,40,20,72.0321,172.877,95.8167,56.0331,85.8431,50.2006,3,2,2,0,0,0.0952381,2,0,0.0952381,2,19,22,13,0,19,22,13,0,0,0,3,3,0,0,2,0,0,0,0,0,2,0,0,0,0,0,0,0,0,0,0,0,0,0,0,0,0,0,0,0,2,0,NoBug
5030ddbd044b915588512ef74029ca9ac3095392,com.thinkaurelius.titan.diskstorage.util.KeyValueStoreAdapter.mutate(Ljava/nio/ByteBuffer;Ljava/util/List;Ljava/util/List;Lcom/thinkaurelius/titan/diskstorage/TransactionHandle;)V,0.0,0,0,0,0.0,0.0,0,0,72.9545,15.0,2371.85,177.852,36,21,131.77,158.123,117.908,68.9518,94.7092,55.3855,3,1,1,0,2,0.0,0,0,0.0,0,5,5,4,4,5,5,4,0,0,0,0,4,0,0,4,0,0,0,0,0,0,0,0,0,0,0,0,0,0,0,0,0,0,0,0,0,0,0,0,0,0,0,Bag
28650a32ec86c8fdccc8518318116ed408f1346b,com.thinkaurelius.titan.graphdb.database.IndexSerializer.processSingleCondition(Lcom/thinkaurelius/titan/graphdb/internal/ElementType;Lcom/thinkaurelius/titan/graphdb/query/condition/PredicateCondition;ILcom/thinkaurelius/titan/diskstorage/BackendTransaction;)Ljava/util/List;,0.0,0,0,0,0.0,0.0,0,0,448.214,86.925,127853.0,2537.9,232,81,7102.96,1470.85,77.4816,45.3109,36.7942,21.5171,7,2,2,1,18,0.0,0,0,0.0,0,28,28,20,4,28,28,20,0,0,0,1,0,0,0,0,0,0,0,0,0,1,0,0,0,0,0,0,0,0,0,0,0,0,0,0,0,0,0,0,0,0,0,Bag
e715670b304da165feafdf2a991772ae8ff46f25,com.thinkaurelius.titan.graphdb.TitanGraphTest.testTypes()V,0.0,0,0,0,0.0,0.0,0,0,1210.26,67.2863,446497.0,5841.79,882,184,24805.4,6635.78,44.693,26.1362,10.8724,6.35812,9,1,1,0,37,0.0797101,11,0,0.0797101,11,127,167,103,0,127,167,103,0,8,0,10,55,0,8,0,0,0,0,1,0,0,8,0,16,0,38,0,0,0,0,0,0,0,0,0,0,0,0,7,0,3,0,Bag
0d269e350f01e145b0eec0157b9c45274b2023f7,com.thinkaurelius.titan.graphdb.database.EdgeSerializer.parseRelation(Lcom/thinkaurelius/titan/diskstorage/Entry;ZLcom/thinkaurelius/titan/graphdb/types/TypeInspector;)Lcom/thinkaurelius/titan/graphdb/relations/RelationCache;,0.0,0,0,0,0.0,0.0,0,0,776.262,141.1,522493.0,6487.15,529,128,29027.4,3703.0,53.632,31.3638,19.69,11.5146,15,4,4,2,30,0.0470588,4,0,0.0470588,4,81,95,65,3,81,95,65,0,0,0,1,2,0,0,2,0,0,0,0,0,0,0,0,0,0,0,0,0,0,0,0,0,0,0,0,0,0,0,0,0,1,0,Bag
7d69240e324cb5c2bef71a25dc88fbead1697308,com.thinkaurelius.titan.graphdb.relations.CacheProperty.getMap()Lcom/thinkaurelius/titan/util/datastructures/ImmutableLongObjectMap;,0.0,0,0,0,0.0,0.0,0,0,75.6096,14.4,2466.73,182.563,39,21,137.04,171.3,112.27,65.6553,86.4749,50.5701,2,1,1,3,6,0.0,0,0,0.0,0,7,7,4,0,7,7,4,0,0,0,0,0,0,0,0,0,0,0,0,0,0,0,0,0,0,0,0,0,0,0,0,0,0,0,0,0,0,0,0,0,0,0,Bag
a6d482084d31298b2585952d4f63b13f4c35ddf0,com.thinkaurelius.titan.graphdb.tinkerpop.TitanBlueprintsTransaction.addVertex([Ljava/lang/Object;)Lcom/thinkaurelius/titan/core/TitanVertex;,0.0,0,0,0,0.0,0.0,0,0,158.145,12.0,4876.05,287.549,78,37,270.892,406.337,88.6014,51.8137,93.1446,54.4705,8,3,3,0,0,0.363636,12,12,0.363636,12,21,22,18,1,21,22,18,0,0,0,4,4,0,0,4,0,0,0,0,0,0,0,0,0,0,0,0,0,0,0,0,0,0,0,0,0,0,0,0,0,4,0,Bag
7d69240e324cb5c2bef71a25dc88fbead1697308,com.thinkaurelius.titan.graphdb.relations.CacheEdge$1.apply(Lcom/thinkaurelius/titan/graphdb/internal/InternalRelation;)Z,1.0,1,3,1,1.0,1.0,4,4,68.7549,13.3333,1302.7,119.279,23,19,72.3721,97.7023,124.256,72.6643,103.766,60.6821,2,0,0,0,1,0.0,0,0,0.0,0,4,4,1,1,4,4,1,0,0,0,0,0,0,0,0,0,0,0,0,0,0,0,0,0,0,0,0,0,0,0,0,0,0,0,0,0,0,0,0,0,0,0,Bag
21d712306d38cb33488304cd356b0c812323557d,com.thinkaurelius.titan.graphdb.database.idassigner.StandardIDPool.<init>(Lcom/thinkaurelius/titan/diskstorage/IDAuthority;IIJLjava/time/Duration;D)V,0.0,0,0,0,0.0,0.0,0,0,354.266,18.7805,16405.1,645.634,143,69,911.395,873.519,83.8384,49.0283,70.1435,41.0196,2,0,0,2,0,0.111111,3,0,0.111111,3,24,31,18,6,24,31,18,0,0,0,0,0,0,0,0,0,0,0,0,0,0,0,0,0,0,0,0,0,0,0,0,0,0,0,0,0,0,0,0,0,0,0,NoBug
a1e70246868f0fc9e3e6e1bd454f2b0b13170c3b,com.thinkaurelius.titan.graphdb.query.DisjunctiveQueryIterator.initializeNextIter()V,0.0,0,0,0,0.0,0.0,0,0,259.434,41.7857,27524.7,911.623,115,53,1529.15,658.711,93.6283,54.7534,60.2927,35.2589,9,5,3,2,4,0.0,0,0,0.0,0,13,13,12,0,13,13,12,0,0,0,0,3,0,0,3,0,0,0,0,0,0,0,0,0,0,0,0,0,0,0,0,0,0,0,0,0,0,0,0,0,0,0,Bag
e7167fe372470cbecec7f2713ca423fb319e455a,com.thinkaurelius.titan.graphdb.transaction.StandardTitanTx.addVertex()Lcom/thinkaurelius/titan/core/TitanVertex;,0.0,0,0,0,0.0,0.0,0,0,30.5293,4.5,171.242,30.8371,11,11,9.51344,38.0537,129.389,75.6662,111.07,64.9533,1,0,0,0,1,0.0,0,0,0.0,0,4,4,1,0,4,4,1,0,0,0,0,0,0,0,0,0,0,0,0,0,0,0,0,0,0,0,0,0,0,0,0,0,0,0,0,0,0,0,0,0,0,0,Bag
0221302fd6e14f6d4c85062bd25fcd0608ff1a14,com.thinkaurelius.titan.diskstorage.Backend.getIndexes(LConfiguration;)LMap;,0.0,0,0,0,0.0,0.0,0,0,156.711,22.0,10773.1,487.785,94,37,598.508,489.689,93.4165,54.6295,59.2743,34.6633,2,1,1,1,3,0.0,0,0,0.0,0,16,16,11,1,16,16,11,0,0,0,0,5,0,0,0,0,0,0,0,0,0,0,0,5,0,0,0,0,0,0,0,0,0,0,0,0,0,0,0,0,0,0,Bag
da8901bcea96f225bc445f4e13289b0f04e18e14,com.thinkaurelius.titan.graphdb.transaction.StandardPersistTitanTx.<init>(Lcom/thinkaurelius/titan/graphdb/database/InternalTitanGraph;Lcom/thinkaurelius/titan/graphdb/types/manager/TypeManager;Lcom/thinkaurelius/titan/graphdb/transaction/TransactionConfig;Lcom/thinkaurelius/titan/diskstorage/TransactionHandle;)V,0.0,0,0,0,0.0,0.0,0,0,187.909,22.0,9134.59,436.978,77,42,507.477,415.208,96.4376,56.3963,63.6329,37.2122,2,1,1,1,3,0.0,0,0,0.0,0,14,15,8,4,14,15,8,0,0,0,0,0,0,0,0,0,0,0,0,0,0,0,0,0,0,0,0,0,0,0,0,0,0,0,0,0,0,0,0,0,0,0,NoBug
9d605dcb292894a5b4c7c9f8512426c1dae9d6d4,com.thinkaurelius.titan.graphdb.transaction.StandardTransactionBuilder$ImmutableTxCfg.<init>(ZZZZZZZZZZZLcom/thinkaurelius/titan/diskstorage/util/time/TimestampProvider;Lcom/thinkaurelius/titan/diskstorage/util/time/Timepoint;JIILjava/lang/String;[ILjava/lang/String;Lcom/thinkaurelius/titan/core/schema/DefaultSchemaMaker;Lcom/thinkaurelius/titan/diskstorage/configuration/Configuration;)V,0.0,0,0,0,0.0,0.0,0,0,335.089,19.825,21449.6,771.992,179,66,1191.64,1081.95,76.3871,44.6708,34.6043,20.2364,1,0,0,1,6,0.0,0,0,0.0,0,36,36,18,21,36,36,18,0,0,0,1,0,0,0,0,0,0,0,0,0,0,0,0,0,0,0,0,0,0,0,0,0,0,0,0,0,1,0,0,0,0,0,Bag
f77a4f7d95c07a0f54fc714dc97ddbb6a19ab431,com.thinkaurelius.titan.graphdb.TitanGraphTest.testIteration()V,0.0,0,0,0,0.0,0.0,0,0,214.081,40.6957,47470.0,1311.03,210,47,2637.22,1166.46,73.1991,42.8065,30.3104,17.7254,4,2,2,0,5,0.0,0,0,0.0,0,41,45,39,0,41,45,39,0,0,0,0,15,0,0,0,0,0,0,0,0,0,0,0,0,0,15,0,0,0,0,0,0,0,0,0,0,0,0,0,0,0,0,NoBug
abc6f869fe83b17935119c88fc85a1b2a871f495,com.thinkaurelius.titan.diskstorage.keycolumnvalue.inmemory.ColumnValueStore.mutate(Ljava/util/List;Ljava/util/List;Lcom/thinkaurelius/titan/diskstorage/keycolumnvalue/StoreTransaction;)V,0.0,0,0,0,0.0,0.0,0,0,609.898,87.1744,224630.0,3695.27,383,106,12479.5,2576.79,59.1037,34.5636,33.1052,19.3598,16,4,4,1,7,0.0857143,6,0,0.0810811,6,64,74,56,3,68,79,57,0,0,0,1,11,0,0,8,0,0,0,2,0,1,0,0,0,0,0,0,0,0,0,0,0,0,0,0,1,0,0,0,0,0,0,Bag
e7167fe372470cbecec7f2713ca423fb319e455a,com.thinkaurelius.titan.graphdb.TitanGraphTest.testVertexTTLWithCompositeIndex()V,0.484252,1,1,1,0.323529,0.344828,11,10,190.226,6.0,3785.41,242.889,117,42,210.3,630.901,82.4646,48.2249,43.4741,25.4235,2,1,1,0,0,0.0,0,0,0.0,0,29,34,25,0,29,34,25,0,0,0,8,8,0,0,0,0,0,0,0,0,0,0,0,0,0,8,0,0,0,0,0,0,0,0,0,0,0,0,0,1,7,0,Bag
37491a904e67614fbac185f651adbc0e9d405b4b,com.thinkaurelius.titan.diskstorage.es.ElasticSearchConfigTest.testTransportClient()V,0.284672,1,2,1,0.407407,0.375,11,9,96.2114,6.5,2169.25,167.574,71,26,120.514,333.731,88.8418,51.9543,67.9196,39.7191,2,1,1,0,0,0.04,1,0,0.04,1,24,27,19,0,24,27,19,0,0,0,7,1,0,2,0,0,0,0,0,0,0,0,0,1,0,0,0,0,0,0,0,0,0,0,0,0,0,0,0,0,5,0,Bag
63cd447da2fac871c2528fcec575e19b10e7330b,com.thinkaurelius.faunus.tinkerpop.gremlin.FaunusGremlinScriptEngineTest.testEvaluates()V,0.0,0,0,0,0.0,0.0,0,0,58.0579,9.33333,839.292,88.9766,22,17,46.6274,89.9242,124.917,73.0511,104.619,61.1805,1,0,0,0,1,0.0,0,0,0.0,0,4,4,2,0,4,4,2,0,0,0,2,0,0,0,0,0,0,0,0,0,0,0,0,0,0,1,0,0,0,0,0,0,0,0,0,0,0,0,0,1,0,0,Bag
e715670b304da165feafdf2a991772ae8ff46f25,com.thinkaurelius.titan.graphdb.database.serialize.attribute.DoubleSerializer.read(Ljava/nio/ByteBuffer;)Ljava/lang/Double;,0.0,0,0,0,0.0,0.0,0,0,92.3203,17.1,2665.7,192.253,34,24,148.094,155.889,115.488,67.5368,91.0149,53.2251,1,0,0,0,0,0.0,0,0,0.0,0,6,6,3,1,6,6,3,0,0,0,0,1,0,0,0,0,0,0,0,0,1,0,0,0,0,0,0,0,0,0,0,0,0,0,0,0,0,0,0,0,0,0,Bag
a1e70246868f0fc9e3e6e1bd454f2b0b13170c3b,com.thinkaurelius.titan.graphdb.query.ComplexTitanQuery.<init>(Lcom/thinkaurelius/titan/graphdb/query/ComplexTitanQuery;)V,0.0,0,0,0,0.0,0.0,0,0,6.75489,2.25,31.346,9.94157,6,5,1.74145,13.9316,139.275,81.4473,125.332,73.2936,1,0,0,1,1,0.0,0,0,0.0,0,3,3,1,1,3,3,1,0,0,0,0,0,0,0,0,0,0,0,0,0,0,0,0,0,0,0,0,0,0,0,0,0,0,0,0,0,0,0,0,0,0,0,Bag
4f70fa55415d4fd6784fb5aa57850121949b786d,com.thinkaurelius.titan.diskstorage.es.ElasticSearchConfigTest.testTransportClient()V,0.302326,1,2,1,0.407407,0.375,11,9,86.1595,6.5,1996.75,158.568,67,24,110.931,307.192,89.2727,52.2062,68.5413,40.0826,2,1,1,0,0,0.04,1,0,0.04,1,24,27,19,0,24,27,19,0,0,0,7,1,0,2,0,0,0,0,0,0,0,0,0,1,0,0,0,0,0,0,0,0,0,0,0,0,0,0,0,0,5,0,NoBug
a1e70246868f0fc9e3e6e1bd454f2b0b13170c3b,com.thinkaurelius.titan.graphdb.relations.LabeledTitanEdge.getProperty(Lcom/thinkaurelius/titan/core/TitanKey;)Ljava/lang/Object;,1.0,1,3,1,1.0,1.0,10,10,152.382,21.9375,5851.23,324.712,52,35,325.068,266.723,103.96,60.7952,74.5869,43.6181,3,2,2,1,5,0.0,0,0,0.0,0,10,10,6,1,10,10,6,0,0,0,0,2,0,0,1,0,0,0,0,0,1,0,0,0,0,0,0,0,0,0,0,0,0,0,0,0,0,0,0,0,0,0,Bag
78e78eac4e59a716b323408c75aacfdc6e138508,com.thinkaurelius.titan.graphdb.database.StandardTitanGraph.closeInternal()V,0.0,0,0,0,0.0,0.0,0,0,70.213,7.5,1361.41,122.836,42,20,75.6337,181.521,94.732,55.3988,83.7889,48.9994,3,2,2,0,0,0.0909091,2,0,0.0909091,2,20,23,14,0,20,23,14,0,0,0,3,3,0,0,2,0,0,0,0,0,2,0,0,0,0,0,0,0,0,0,0,0,0,0,0,0,0,0,0,0,2,0,Bag
310af27dbd22377fa2bd9597d3a61227977918d2,com.thinkaurelius.titan.graphdb.database.idassigner.StandardIDPool.<init>(Lcom/thinkaurelius/titan/diskstorage/IDAuthority;IIJLcom/thinkaurelius/titan/core/attribute/Duration;D)V,0.0,0,0,0,0.0,0.0,0,0,367.935,18.5581,16776.8,655.349,147,71,932.044,904.013,82.9986,48.5372,68.5264,40.0739,2,0,0,2,1,0.107143,3,0,0.107143,3,25,32,19,6,25,32,19,0,0,0,0,0,0,0,0,0,0,0,0,0,0,0,0,0,0,0,0,0,0,0,0,0,0,0,0,0,0,0,0,0,0,0,Bag
da8901bcea96f225bc445f4e13289b0f04e18e14,com.thinkaurelius.titan.graphdb.database.StandardTitanGraph.loadRelations(Ljava/lang/Iterable;Lcom/thinkaurelius/titan/graphdb/database/VertexRelationLoader;Lcom/thinkaurelius/titan/graphdb/transaction/InternalTitanTransaction;)V,0.0,0,0,0,0.0,0.0,0,0,723.591,121.535,369148.0,5145.97,439,121,20508.2,3037.38,58.7963,34.3838,29.6011,17.3106,17,3,3,1,28,0.0615385,4,0,0.0615385,4,61,76,54,3,61,76,54,0,0,0,0,6,0,0,6,0,0,0,0,0,0,0,0,0,0,0,0,0,0,0,0,0,0,0,0,0,0,0,0,0,0,0,NoBug
78e78eac4e59a716b323408c75aacfdc6e138508,com.thinkaurelius.titan.graphdb.tinkerpop.TitanBlueprintsGraph.startNewTx()Lcom/thinkaurelius/titan/graphdb/tinkerpop/TitanBlueprintsTransaction;,0.0,0,0,0,0.0,0.0,0,0,46.0537,5.5,623.149,72.9561,29,15,34.6194,113.3,110.119,64.3969,83.4724,48.8143,3,1,1,0,0,0.0,0,0,0.0,0,9,9,8,0,9,9,8,0,0,0,2,2,0,0,2,0,0,0,0,0,0,0,0,0,0,0,0,0,0,0,0,0,0,0,0,0,0,0,0,0,2,0,Bag
ac746d5753151c1904efda645429fca6a9086231,com.thinkaurelius.titan.graphdb.transaction.AbstractTitanTx.getVertices(Lcom/thinkaurelius/titan/core/TitanKey;Ljava/lang/Object;)Ljava/lang/Iterable;,0.0,0,0,0,0.0,0.0,0,0,320.926,57.8947,61251.4,1553.86,177,63,3402.86,1057.98,79.4249,46.4473,58.9669,34.4836,6,3,3,1,8,0.0666667,2,0,0.0666667,2,28,31,21,2,28,31,21,0,0,0,0,3,0,0,0,0,0,0,0,0,2,0,0,0,0,0,1,0,0,0,0,0,0,0,0,0,0,0,0,0,0,0,Bag
28650a32ec86c8fdccc8518318116ed408f1346b,com.thinkaurelius.titan.graphdb.database.IndexSerializer.getUniqueIndexColumn(Lcom/thinkaurelius/titan/core/TitanKey;)Lcom/thinkaurelius/titan/diskstorage/StaticBuffer;,0.0,0,0,0,0.0,0.0,0,0,45.0195,9.0,582.525,69.7498,17,14,32.3625,64.725,131.288,76.7764,113.809,66.555,1,0,0,4,2,0.0,0,0,0.0,0,3,3,1,1,3,3,1,0,0,0,0,0,0,0,0,0,0,0,0,0,0,0,0,0,0,0,0,0,0,0,0,0,0,0,0,0,0,0,0,0,0,0,Bag
dfa482899dc5f4461457b5999de97afb7c285895,com.thinkaurelius.titan.graphdb.transaction.StandardPersistTitanTx.commit()V,0.0,0,0,0,0.0,0.0,0,0,174.101,21.75,8047.02,401.566,70,39,447.057,369.978,91.8602,53.7194,57.1308,33.4098,3,2,2,0,8,0.0,0,0,0.0,0,19,20,13,0,19,20,13,0,0,0,0,1,0,0,0,0,0,0,0,0,1,0,0,0,0,0,0,0,0,0,0,0,0,0,0,0,0,0,0,0,0,0,NoBug
c7ac478437665f6989f9925b4198f0effcba94a3,com.thinkaurelius.titan.diskstorage.es.ElasticSearchIndex.getFilter(LKeyCondition;)LFilterBuilder;,0.0,0,0,0,0.0,0.0,0,0,547.892,91.5,273563.0,4214.1,453,97,15197.9,2989.76,58.8272,34.4019,37.2654,21.7926,22,6,4,1,15,0.123077,8,0,0.123077,8,57,66,50,1,57,66,50,0,0,0,0,5,0,0,4,0,0,0,0,0,1,0,0,0,0,0,0,0,0,0,0,0,0,0,0,0,0,0,0,0,0,0,Bag
a1e70246868f0fc9e3e6e1bd454f2b0b13170c3b,com.thinkaurelius.titan.graphdb.vertices.VertexUtil$1.apply(Lcom/thinkaurelius/titan/graphdb/relations/InternalRelation;)Z,0.0,0,0,0,0.0,0.0,0,0,403.003,66.8571,92033.5,2038.44,221,75,5112.97,1376.57,73.6472,43.0685,45.9049,26.845,18,5,5,0,17,0.03125,1,0,0.03125,1,31,33,32,1,31,33,32,0,0,0,0,19,0,0,18,0,0,0,0,0,1,0,0,0,0,0,0,0,0,0,0,0,0,0,0,0,0,0,0,0,0,0,Bag
e871add0cbdfdc52cf5475b2f62019fb3a35016a,com.thinkaurelius.titan.graphdb.transaction.StandardTitanTx.removeRelation(Lcom/thinkaurelius/titan/graphdb/internal/InternalRelation;)V,0.0,0,0,0,0.0,0.0,0,0,223.421,59.375,36403.7,1098.41,111,46,2022.43,613.115,86.1686,50.391,80.1436,46.8676,6,4,4,4,9,0.185185,5,3,0.185185,5,22,24,15,1,22,24,15,0,0,0,0,2,0,0,2,0,0,0,0,0,0,0,0,0,0,0,0,0,0,0,0,0,0,0,0,0,0,0,0,0,0,0,Bag
996dd26106e7310f2a8681591e7b86596f690532,com.thinkaurelius.titan.diskstorage.keycolumnvalue.KeyRangeQuery.hashCode()I,0.0,0,0,0,0.0,0.0,0,0,92.5293,11.5556,2200.16,169.162,41,25,122.231,190.398,109.328,63.9343,82.331,48.1468,3,2,2,0,1,0.0,0,0,0.0,0,8,8,5,0,8,8,5,0,0,0,0,2,0,0,2,0,0,0,0,0,0,0,0,0,0,0,0,0,0,0,0,0,0,0,0,0,0,0,0,0,0,0,NoBug
e871add0cbdfdc52cf5475b2f62019fb3a35016a,com.thinkaurelius.titan.graphdb.TitanGraphPerformanceTest.unlabeledEdgeInsertion()V,0.0,0,0,0,0.0,0.0,0,0,38.0537,5.5,256.325,40.3516,13,12,14.2403,46.6045,128.335,75.0498,109.55,64.0641,1,0,0,0,2,0.0,0,0,0.0,0,4,4,1,0,4,4,1,0,0,0,1,0,0,0,0,0,0,0,0,0,0,0,0,0,0,0,0,0,0,0,0,0,0,0,0,0,0,0,0,1,0,0,Bag
4f70fa55415d4fd6784fb5aa57850121949b786d,com.thinkaurelius.titan.diskstorage.es.ElasticSearchConfigTest.testIndexCreationOptions()V,0.0,0,0,0,0.0,0.0,0,0,163.342,7.0,3783.76,242.819,103,38,210.209,540.537,85.2675,49.864,47.416,27.7286,1,0,0,0,0,0.0,0,0,0.0,0,26,31,21,0,26,31,21,0,0,0,10,1,0,0,0,0,0,0,0,0,0,0,0,0,0,1,0,0,0,0,0,0,0,0,0,0,0,0,0,0,10,0,NoBug
7d69240e324cb5c2bef71a25dc88fbead1697308,com.thinkaurelius.titan.graphdb.relations.StandardEdge.setPropertyDirect(Lcom/thinkaurelius/titan/core/TitanType;Ljava/lang/Object;)V,1.0,1,4,1,1.0,1.0,15,15,146.211,24.375,8432.47,414.289,68,34,468.471,345.947,95.8089,56.0286,62.9294,36.8008,4,3,3,0,3,0.0,0,0,0.0,0,15,15,7,2,15,15,7,0,0,0,0,0,0,0,0,0,0,0,0,0,0,0,0,0,0,0,0,0,0,0,0,0,0,0,0,0,0,0,0,0,0,0,Bag
63cd447da2fac871c2528fcec575e19b10e7330b,com.thinkaurelius.faunus.mapreduce.filter.IntervalFilterMap$Map.setup(LMapper.Context;)V,0.0,0,0,0,0.0,0.0,0,0,294.847,30.5556,28697.6,937.341,159,60,1594.31,939.196,86.185,50.4006,48.9433,28.6218,3,2,1,0,1,0.0,0,0,0.0,0,20,21,15,1,20,21,15,0,0,0,0,0,0,0,0,0,0,0,0,0,0,0,0,0,0,0,0,0,0,0,0,0,0,0,0,0,0,0,0,0,0,0,Bag
28650a32ec86c8fdccc8518318116ed408f1346b,com.thinkaurelius.titan.graphdb.database.IndexSerializer.lockKeyedProperty(Lcom/thinkaurelius/titan/core/TitanProperty;Lcom/thinkaurelius/titan/diskstorage/BackendTransaction;)V,0.0,0,0,0,0.0,0.0,0,0,190.465,45.375,23580.6,822.312,97,41,1310.03,519.683,97.3078,56.9051,65.0919,38.0654,4,2,2,1,12,0.0,0,0,0.0,0,12,12,7,2,12,12,7,0,0,0,0,0,0,0,0,0,0,0,0,0,0,0,0,0,0,0,0,0,0,0,0,0,0,0,0,0,0,0,0,0,0,0,Bag
2beffb4767bcaab8cdfb54dbcb08c819c0a8dd3c,com.thinkaurelius.titan.graphdb.query.vertex.VertexLongList.iterator()Ljava/util/Iterator;,0.0,0,0,0,0.0,0.0,0,0,24.0,4.0,126.797,25.239,10,9,7.04428,31.6992,126.724,74.1078,107.226,62.705,1,0,0,0,0,0.0,0,0,0.0,0,5,5,1,0,19,24,5,0,0,0,1,1,0,0,0,0,0,0,0,0,1,0,0,0,0,0,0,0,0,0,0,0,0,0,0,0,0,0,0,0,1,0,Bag
28650a32ec86c8fdccc8518318116ed408f1346b,com.thinkaurelius.titan.graphdb.TitanGraphTest.testTypes()V,0.130511,2,12,6,0.19697,0.222222,52,46,1942.93,69.6359,771151.0,8409.3,1372,269,42841.7,11074.0,32.5057,19.0092,-10.1252,0.0,16,1,1,0,40,0.0504587,11,0,0.0504587,11,207,264,166,0,207,264,166,0,15,0,13,61,0,15,0,0,0,0,1,0,0,15,0,17,0,43,0,0,0,0,0,0,0,0,0,0,0,0,9,0,4,0,Bag
9d605dcb292894a5b4c7c9f8512426c1dae9d6d4,com.thinkaurelius.titan.graphdb.transaction.StandardTransactionBuilder.start()Lcom/thinkaurelius/titan/core/TitanTransaction;,0.0,0,0,0,0.0,0.0,0,0,190.48,10.4348,3057.58,210.662,54,43,169.866,293.018,99.6806,58.2927,68.2097,39.8887,1,0,0,4,7,0.0,0,0,0.0,0,13,13,2,0,13,13,2,0,0,0,0,1,0,0,0,0,0,0,0,0,1,0,0,0,0,0,0,0,0,0,0,0,0,0,0,0,0,0,0,0,0,0,Bag
e7167fe372470cbecec7f2713ca423fb319e455a,com.thinkaurelius.titan.graphdb.TitanGraphTest.testVertexTTLImplicitKey()V,0.0,0,0,0,0.0,0.0,0,0,117.593,6.5,2551.58,186.727,80,30,141.755,392.551,87.9977,51.4606,83.3921,48.7673,2,1,1,0,0,0.2,6,0,0.2,6,24,37,20,0,24,37,20,0,0,0,8,5,0,0,0,0,0,0,0,0,0,0,0,1,0,4,0,0,0,0,0,0,0,0,0,0,0,0,0,1,7,0,Bag
0d269e350f01e145b0eec0157b9c45274b2023f7,com.thinkaurelius.titan.diskstorage.IDAuthorityTest.testManyThreadsOneIDAuthority()V,0.0,0,0,0,0.0,0.0,0,0,372.12,44.8696,46357.3,1290.46,168,71,2575.41,1033.16,80.3675,46.9985,55.1843,32.2715,5,2,2,0,2,0.0357143,1,0,0.0222222,1,27,35,22,0,44,53,32,0,0,0,1,5,0,0,1,0,0,0,0,0,0,0,0,2,0,1,0,0,0,0,0,0,0,0,0,0,0,2,0,0,0,0,Bag
7d69240e324cb5c2bef71a25dc88fbead1697308,com.thinkaurelius.titan.graphdb.relations.CacheProperty.it()Lcom/thinkaurelius/titan/graphdb/internal/InternalRelation;,1.0,1,3,1,1.0,1.0,16,15,144.626,16.6667,5257.05,302.339,62,34,292.058,315.423,101.314,59.2478,92.494,54.0901,4,1,1,1,6,0.0833333,1,0,0.0625,1,11,12,7,0,15,16,8,0,0,0,0,3,0,0,1,0,0,0,0,0,1,0,0,0,0,0,0,0,0,0,0,0,0,0,1,0,0,0,0,0,0,0,Bag
e524d9f429f9c937ecd2eb9315144a28b3f27090,com.thinkaurelius.titan.hadoop.formats.titan.cassandra.TitanCassandraInputFormat.setConf(LConfiguration;)V,0.0,0,0,0,0.0,0.0,0,0,72.1057,6.5,1713.0,143.166,60,21,95.1669,263.539,97.6837,57.125,84.315,49.307,2,1,1,0,0,0.0625,1,0,0.0625,1,15,18,12,1,15,18,12,0,0,0,1,2,0,0,2,0,0,0,0,0,0,0,0,0,0,0,0,0,0,0,0,0,0,0,0,0,0,0,0,0,1,0,NoBug
f77a4f7d95c07a0f54fc714dc97ddbb6a19ab431,com.thinkaurelius.titan.graphdb.relations.CacheEdge.it()Lcom/thinkaurelius/titan/graphdb/internal/InternalRelation;,1.0,1,3,1,1.0,1.0,16,15,144.626,16.6667,5257.05,302.339,62,34,292.058,315.423,101.314,59.2478,92.494,54.0901,4,1,1,1,6,0.0833333,1,0,0.0625,1,11,12,7,0,15,16,8,0,0,0,0,3,0,0,1,0,0,0,0,0,1,0,0,0,0,0,0,0,0,0,0,0,0,0,1,0,0,0,0,0,0,0,NoBug
9b9d0857f6a2d36c4b9dc91d58bee6d5ae0d1bb1,com.thinkaurelius.titan.graphdb.TitanGraphTest.testThreadBoundTx()V,0.0,0,0,0,0.0,0.0,0,0,698.275,17.6957,40868.4,1186.47,338,114,2270.47,2309.52,64.6583,37.8119,28.3676,16.5893,5,1,1,0,3,0.0178571,1,0,0.0178571,1,55,67,48,0,55,67,48,0,1,0,1,31,0,1,0,0,0,0,0,0,0,1,0,9,0,22,0,0,0,0,0,0,0,0,0,0,0,0,1,0,0,0,Bag
a0ba586cf56ac191020e113b0661e05aad2f06cd,com.thinkaurelius.titan.graphdb.tinkerpop.TitanFeatures$TitanVertexFeatures.supportsUserSuppliedIds()Z,0.0,0,0,0,0.0,0.0,0,0,13.6096,2.5,49.1287,13.414,7,7,2.72937,19.6515,132.826,77.6758,116.028,67.8525,1,0,0,0,0,0.0,0,0,0.0,0,4,4,1,0,4,4,1,0,0,0,0,0,0,0,0,0,0,0,0,0,0,0,0,0,0,0,0,0,0,0,0,0,0,0,0,0,0,0,0,0,0,0,NoBug
da8901bcea96f225bc445f4e13289b0f04e18e14,com.thinkaurelius.titan.graphdb.transaction.StandardPersistTitanTx.commit()V,0.0,0,0,0,0.0,0.0,0,0,180.426,22.5,9579.47,451.053,80,40,532.193,425.754,88.295,51.6345,52.191,30.5211,5,2,2,0,8,0.0,0,0,0.0,0,22,23,12,0,22,23,12,0,0,0,0,1,0,0,0,0,0,0,0,0,1,0,0,0,0,0,0,0,0,0,0,0,0,0,0,0,0,0,0,0,0,0,NoBug
97f3c69b06ed6cf67dab963c4157eb9a0a77d50c,com.thinkaurelius.titan.graphdb.blueprints.TitanBlueprintsGraph.commit()V,1.0,1,2,1,1.0,1.0,12,12,92.3203,19.0,3484.57,229.844,40,24,193.587,183.398,102.954,60.2069,73.1357,42.7694,3,2,2,6,2,0.0,0,0,0.0,0,12,12,6,0,12,12,6,0,0,0,0,0,0,0,0,0,0,0,0,0,0,0,0,0,0,0,0,0,0,0,0,0,0,0,0,0,0,0,0,0,0,0,NoBug
5030ddbd044b915588512ef74029ca9ac3095392,com.thinkaurelius.titan.diskstorage.util.KeyValueStoreAdapter.getKeyLength(Ljava/nio/ByteBuffer;)I,0.0,0,0,0,0.0,0.0,0,0,74.1131,13.75,1932.62,155.154,32,21,107.368,140.554,113.299,66.2568,113.996,66.6644,2,1,1,4,0,0.125,1,0,0.125,1,7,7,4,1,7,7,4,0,0,0,0,0,0,0,0,0,0,0,0,0,0,0,0,0,0,0,0,0,0,0,0,0,0,0,0,0,0,0,0,0,0,0,Bag
0d269e350f01e145b0eec0157b9c45274b2023f7,com.thinkaurelius.titan.graphdb.TitanPartitionGraphTest.testPartitionSpread(ZZ)V,0.0,0,0,0,0.0,0.0,0,0,473.743,45.439,74654.1,1772.97,255,87,4147.45,1642.95,76.5677,44.7764,61.0533,35.7037,6,2,2,4,16,0.121212,4,0,0.121212,4,29,31,25,2,29,31,25,0,0,0,0,7,0,0,0,0,0,0,0,0,0,0,0,0,0,7,0,0,0,0,0,0,0,0,0,0,0,0,0,0,0,0,Bag
e715670b304da165feafdf2a991772ae8ff46f25,com.thinkaurelius.titan.graphdb.database.serialize.attribute.FloatSerializer.read(Ljava/nio/ByteBuffer;)Ljava/lang/Float;,0.0,0,0,0,0.0,0.0,0,0,92.3203,17.1,2665.7,192.253,34,24,148.094,155.889,115.488,67.5368,91.0149,53.2251,1,0,0,0,0,0.0,0,0,0.0,0,6,6,3,1,6,6,3,0,0,0,0,1,0,0,0,0,0,0,0,0,1,0,0,0,0,0,0,0,0,0,0,0,0,0,0,0,0,0,0,0,0,0,Bag
0221302fd6e14f6d4c85062bd25fcd0608ff1a14,com.thinkaurelius.titan.diskstorage.Backend.beginTransaction()Lcom/thinkaurelius/titan/diskstorage/BackendTransaction;,0.0,0,0,0,0.0,0.0,0,0,316.62,46.3235,38338.9,1137.0,139,62,2129.94,827.633,87.8594,51.3798,90.6569,53.0158,6,3,2,1,10,0.333333,9,7,0.333333,9,18,22,12,0,18,22,12,0,0,0,1,0,0,1,0,0,0,0,0,0,0,1,0,0,0,0,0,0,0,0,0,0,0,0,0,0,0,0,0,0,0,0,Bag
f77a4f7d95c07a0f54fc714dc97ddbb6a19ab431,com.thinkaurelius.titan.graphdb.transaction.StandardTitanTx.connectRelation(Lcom/thinkaurelius/titan/graphdb/internal/InternalRelation;)V,0.0,0,0,0,0.0,0.0,0,0,185.26,39.5455,19703.6,729.509,93,41,1094.65,498.252,101.957,59.6241,71.9014,42.0476,5,2,2,2,8,0.0,0,0,0.0,0,9,9,13,1,9,9,13,0,0,0,0,5,0,0,5,0,0,0,0,0,0,0,0,0,0,0,0,0,0,0,0,0,0,0,0,0,0,0,0,0,0,0,NoBug
e715670b304da165feafdf2a991772ae8ff46f25,com.thinkaurelius.titan.graphdb.relations.AttributeUtil.prepareAttribute(Ljava/lang/Object;Ljava/lang/Class;)Ljava/lang/Object;,0.0,0,0,0,0.0,0.0,0,0,171.207,43.125,21500.1,773.203,95,38,1194.45,498.553,95.3069,55.735,62.6125,36.6155,8,4,2,1,0,0.0,0,0,0.0,0,13,13,9,2,13,13,9,0,0,0,0,1,0,0,0,0,0,0,0,0,1,0,0,0,0,0,0,0,0,0,0,0,0,0,0,0,0,0,0,0,0,0,Bag
a1e70246868f0fc9e3e6e1bd454f2b0b13170c3b,com.thinkaurelius.titan.graphdb.vertices.AbstractTitanVertex.getProperty(Lcom/thinkaurelius/titan/core/TitanKey;Ljava/lang/Class;)Ljava/lang/Object;,1.0,1,3,1,1.0,1.0,10,10,178.935,22.4091,7155.57,371.333,60,40,397.532,319.316,103.024,60.2479,73.2368,42.8285,3,2,2,1,5,0.0,0,0,0.0,0,10,10,6,2,10,10,6,0,0,0,0,1,0,0,1,0,0,0,0,0,0,0,0,0,0,0,0,0,0,0,0,0,0,0,0,0,0,0,0,0,0,0,Bag
a1e70246868f0fc9e3e6e1bd454f2b0b13170c3b,com.thinkaurelius.titan.graphdb.query.ComplexTitanQuery.properties()Ljava/lang/Iterable;,0.0,0,0,0,0.0,0.0,0,0,77.0587,9.0,972.434,98.1537,25,20,54.0241,108.048,120.118,70.2443,97.796,57.1906,2,1,1,0,3,0.0,0,0,0.0,0,5,5,3,0,5,5,3,0,0,0,0,2,0,0,1,0,0,0,0,0,1,0,0,0,0,0,0,0,0,0,0,0,0,0,0,0,0,0,0,0,0,0,Bag
7d69240e324cb5c2bef71a25dc88fbead1697308,com.thinkaurelius.titan.graphdb.relations.StandardEdge.setPreviousID(J)V,0.0,0,0,0,0.0,0.0,0,0,44.8289,8.0,750.123,82.5572,24,15,41.6735,93.7654,118.131,69.0827,94.8285,55.4553,1,0,0,1,0,0.0,0,0,0.0,0,6,6,3,1,6,6,3,0,0,0,0,0,0,0,0,0,0,0,0,0,0,0,0,0,0,0,0,0,0,0,0,0,0,0,0,0,0,0,0,0,0,0,Bag
61a915a6afd480c126ad2e5747f3d4c310b2299b,com.thinkaurelius.titan.graphdb.transaction.StandardTitanTx$4.execute(Lcom/thinkaurelius/titan/graphdb/query/VertexCentricQuery;Lcom/thinkaurelius/titan/diskstorage/keycolumnvalue/SliceQuery;Ljava/lang/Object;)Ljava/util/Iterator;,0.0,0,0,0,0.0,0.0,0,0,201.503,37.7778,20294.2,744.015,99,43,1127.46,537.2,92.4749,54.0789,58.1196,33.988,4,1,1,0,0,0.0,0,0,0.0,0,16,20,9,3,28,32,12,0,0,0,0,3,0,0,2,0,0,0,0,0,1,0,0,0,0,0,0,0,0,0,0,0,0,0,0,0,0,0,0,0,0,0,NoBug
8c51ee9c15b656fa51de53de4f4cc29444132a4a,com.thinkaurelius.titan.graphdb.TitanGraphTest.testTypes()V,0.0,0,0,0,0.0,0.0,0,0,1365.61,70.0763,522655.0,6488.49,973,203,29036.4,7458.37,42.1626,24.6565,6.61327,3.86741,11,1,1,0,38,0.0733333,11,0,0.0733333,11,139,185,113,0,139,185,113,0,10,0,11,58,0,10,0,0,0,0,1,0,0,10,0,18,0,39,0,0,0,0,0,0,0,0,0,0,0,0,7,0,4,0,Bag
28650a32ec86c8fdccc8518318116ed408f1346b,com.thinkaurelius.titan.graphdb.database.IndexSerializer.getIndexInformation(Ljava/lang/String;)Lcom/thinkaurelius/titan/diskstorage/indexing/IndexInformation;,0.0,0,0,0,0.0,0.0,0,0,48.7291,8.33333,800.0,86.1774,24,16,44.4444,96.0,120.962,70.7383,98.913,57.8438,1,0,0,3,0,0.0,0,0,0.0,0,5,5,3,1,5,5,3,0,0,0,0,0,0,0,0,0,0,0,0,0,0,0,0,0,0,0,0,0,0,0,0,0,0,0,0,0,0,0,0,0,0,0,Bag
abc6f869fe83b17935119c88fc85a1b2a871f495,com.thinkaurelius.titan.graphdb.database.StandardTitanGraph.save(Ljava/util/Collection;Ljava/util/Collection;Lcom/thinkaurelius/titan/graphdb/transaction/StandardTitanTx;)V,0.0,0,0,0,0.0,0.0,0,0,732.232,129.524,441666.0,5799.58,492,122,24537.0,3409.92,52.2954,30.5821,30.2885,17.7126,30,6,6,1,28,0.141176,12,0,0.141176,12,73,97,60,3,73,97,60,0,0,0,3,13,0,2,11,0,0,0,0,0,2,0,0,0,0,0,0,0,0,0,0,0,0,0,0,0,0,1,0,0,0,0,Bag
5030ddbd044b915588512ef74029ca9ac3095392,com.thinkaurelius.titan.diskstorage.util.OrderedKeyValueStoreAdapter$KeyColumnSliceSelector.reachedLimit()Z,0.0,0,0,0,0.0,0.0,0,0,13.6096,2.5,49.1287,13.414,7,7,2.72937,19.6515,132.826,77.6758,116.028,67.8525,1,0,0,0,0,0.0,0,0,0.0,0,4,4,1,0,4,4,1,0,0,0,0,0,0,0,0,0,0,0,0,0,0,0,0,0,0,0,0,0,0,0,0,0,0,0,0,0,0,0,0,0,0,0,Bag
0221302fd6e14f6d4c85062bd25fcd0608ff1a14,com.thinkaurelius.titan.diskstorage.Backend.registerShorthands(Ljava/util/Properties;Ljava/lang/String;Ljava/util/Map;)V,0.0,0,0,0,0.0,0.0,0,0,126.637,25.6667,8773.88,425.397,69,31,487.438,341.84,102.67,60.0407,118.659,69.3912,3,2,2,0,0,0.565217,13,0,0.565217,13,10,10,6,3,10,10,6,0,2,0,0,0,0,0,0,0,0,0,0,0,2,0,0,0,0,0,0,0,0,0,0,0,0,0,0,0,0,0,0,0,0,0,Bag
28650a32ec86c8fdccc8518318116ed408f1346b,com.thinkaurelius.titan.graphdb.database.IndexSerializer.query(Ljava/lang/String;Lcom/thinkaurelius/titan/diskstorage/indexing/IndexQuery;Lcom/thinkaurelius/titan/diskstorage/BackendTransaction;)Ljava/util/List;,0.0,0,0,0,0.0,0.0,0,0,565.395,96.0,219564.0,3639.5,345,99,12198.0,2287.13,64.5102,37.7253,49.5802,28.9943,14,8,7,1,10,0.183333,11,3,0.183333,11,49,59,41,3,49,59,41,0,1,0,0,7,0,0,6,0,0,0,0,0,2,0,0,0,0,0,0,0,0,0,0,0,0,0,0,0,0,0,0,0,0,0,Bag
28650a32ec86c8fdccc8518318116ed408f1346b,com.thinkaurelius.titan.graphdb.database.IndexSerializer.removeKeyValue(Lcom/thinkaurelius/titan/core/TitanElement;Lcom/thinkaurelius/titan/core/TitanKey;Ljava/lang/String;Lcom/thinkaurelius/titan/diskstorage/BackendTransaction;)V,0.0,0,0,0,0.0,0.0,0,0,79.5098,18.6667,3496.19,230.355,42,22,194.233,187.296,121.102,70.8199,99.1143,57.9616,1,0,0,2,7,0.0,0,0,0.0,0,4,4,2,4,4,4,2,0,0,0,0,0,0,0,0,0,0,0,0,0,0,0,0,0,0,0,0,0,0,0,0,0,0,0,0,0,0,0,0,0,0,0,Bag
e715670b304da165feafdf2a991772ae8ff46f25,com.thinkaurelius.titan.TestBed.main([Ljava/lang/String;)V,0.0,0,0,0,0.0,0.0,0,0,536.277,42.3913,92117.9,2039.68,330,96,5117.66,2173.04,72.3008,42.2812,52.4394,30.6663,3,1,1,0,0,0.1,4,4,0.0851064,4,36,42,33,1,43,49,36,0,2,0,1,11,0,0,0,0,0,0,0,0,1,0,0,0,2,0,0,10,0,0,0,0,0,0,0,0,0,0,0,1,0,0,Bag
e715670b304da165feafdf2a991772ae8ff46f25,com.thinkaurelius.titan.graphdb.database.serialize.attribute.DoubleSerializer.writeObjectData(Lcom/thinkaurelius/titan/graphdb/database/serialize/DataOutput;Ljava/lang/Double;)V,0.0,0,0,0,0.0,0.0,0,0,84.9966,12.75,1787.94,147.311,31,23,99.3299,140.23,118.992,69.586,96.0702,56.1814,1,0,0,0,1,0.0,0,0,0.0,0,5,5,2,2,5,5,2,0,0,0,0,2,0,0,0,0,0,0,1,0,1,0,0,0,0,0,0,0,0,0,0,0,0,0,0,0,0,0,0,0,0,0,Bag
2beffb4767bcaab8cdfb54dbcb08c819c0a8dd3c,com.thinkaurelius.titan.graphdb.VertexListTest.testLists()V,0.0,0,0,0,0.0,0.0,0,0,91.1253,6.5,1479.07,129.815,49,25,82.1704,227.549,97.4018,56.9601,65.0238,38.0256,2,1,1,0,0,0.0,0,0,0.0,0,16,23,14,0,16,23,14,0,0,0,6,3,0,0,0,0,0,0,0,0,0,0,0,0,0,3,0,0,0,0,0,0,0,0,0,0,0,0,0,0,6,0,Bag
a1e70246868f0fc9e3e6e1bd454f2b0b13170c3b,com.thinkaurelius.titan.graphdb.types.manager.StandardTypeFactory.createExistingType(JLcom/thinkaurelius/titan/graphdb/types/manager/TypeInformation;Lcom/thinkaurelius/titan/graphdb/transaction/InternalTitanTransaction;)Lcom/thinkaurelius/titan/graphdb/types/InternalTitanType;,0.0,0,0,0,0.0,0.0,0,0,262.237,65.2941,70642.9,1708.88,188,54,3924.61,1081.92,85.4494,49.9704,47.882,28.0012,3,2,1,0,9,0.0,0,0,0.0,0,20,21,17,3,20,21,17,0,0,0,0,1,0,0,1,0,0,0,0,0,0,0,0,0,0,0,0,0,0,0,0,0,0,0,0,0,0,0,0,0,0,0,Bag
ee1d562528178614735f8e5526856dc1e407c97e,com.thinkaurelius.titan.diskstorage.cassandra.thrift.thriftpool.CTConnectionFactory$Config.getRandomHost()Ljava/lang/String;,0.0,0,0,0,0.0,0.0,0,0,28.7549,4.0,207.566,35.0567,15,11,11.5314,51.8915,132.207,77.314,115.237,67.3901,2,0,0,0,0,0.0,0,0,0.0,0,3,3,1,0,3,3,1,0,0,0,0,0,0,0,0,0,0,0,0,0,0,0,0,0,0,0,0,0,0,0,0,0,0,0,0,0,0,0,0,0,0,0,NoBug
4bc081be419e372fa611b672481294033f98f4aa,com.thinkaurelius.titan.graphdb.query.vertex.MultiVertexCentricQueryBuilder.addVertex(Lcom/thinkaurelius/titan/core/TitanVertex;)Lcom/thinkaurelius/titan/core/TitanMultiVertexQuery;,0.0,0,0,0,0.0,0.0,0,0,47.7744,6.0,445.385,58.3209,19,15,24.7436,74.2309,116.849,68.3327,133.184,77.8857,1,0,0,1,0,0.363636,4,4,0.363636,4,7,7,4,1,7,7,4,0,0,0,0,0,0,0,0,0,0,0,0,0,0,0,0,0,0,0,0,0,0,0,0,0,0,0,0,0,0,0,0,0,0,0,Bag
a1e70246868f0fc9e3e6e1bd454f2b0b13170c3b,com.thinkaurelius.titan.graphdb.relations.AttributeUtil.prepareAttribute(Ljava/lang/Object;Ljava/lang/Class;)Ljava/lang/Object;,0.0,0,0,0,0.0,0.0,0,0,150.116,39.6667,14328.0,589.916,71,34,795.999,361.21,100.149,58.5666,69.3944,40.5815,6,3,2,4,0,0.0,0,0,0.0,0,11,11,7,2,11,11,7,0,0,0,0,1,0,0,0,0,0,0,0,0,1,0,0,0,0,0,0,0,0,0,0,0,0,0,0,0,0,0,0,0,0,0,Bag
0d269e350f01e145b0eec0157b9c45274b2023f7,com.thinkaurelius.titan.TestByteBuffer.testByte()J,0.0,0,0,0,0.0,0.0,0,0,354.859,45.8889,56062.7,1464.81,200,69,3114.59,1221.7,77.4182,45.2738,36.9064,21.5827,9,3,3,1,4,0.0,0,0,0.0,0,29,29,31,0,29,29,31,0,0,0,1,2,0,0,2,0,0,0,0,0,0,0,0,0,0,0,0,0,0,0,0,0,0,0,0,0,0,0,0,0,1,0,Bag
e7167fe372470cbecec7f2713ca423fb319e455a,com.thinkaurelius.titan.graphdb.TitanGraphTest.testSchemaTypes()V,0.794038,9,72,20,0.754296,0.782998,439,350,3494.67,213.368,5818570.0,32350.3,3102,443,323254.0,27270.2,9.59809,5.61292,-27.1446,0.0,41,2,2,0,89,0.179817,98,7,0.179817,98,447,582,389,0,447,582,389,0,38,0,15,155,0,34,0,0,0,0,1,0,4,34,0,4,0,150,0,0,0,0,0,0,0,0,0,0,0,0,15,0,0,0,Bag
310af27dbd22377fa2bd9597d3a61227977918d2,com.thinkaurelius.titan.graphdb.database.idassigner.StandardIDPool.nextBlock()V,0.0,0,0,0,0.0,0.0,0,0,251.249,26.7391,18379.2,696.44,120,53,1021.06,687.35,90.4412,52.8896,55.0836,32.2126,3,1,1,1,3,0.0,0,0,0.0,0,17,24,14,0,17,24,14,0,0,0,0,3,0,0,2,0,0,0,0,0,1,0,0,0,0,0,0,0,0,0,0,0,0,0,0,0,0,0,0,0,0,0,Bag
dfa482899dc5f4461457b5999de97afb7c285895,com.thinkaurelius.titan.graphdb.transaction.StandardPersistTitanTx.abort()V,0.0,0,0,0,0.0,0.0,0,0,45.0195,6.0,502.571,63.2118,22,14,27.9206,83.7618,116.221,67.9654,92.0721,53.8433,1,0,0,1,4,0.0,0,0,0.0,0,7,7,4,0,7,7,4,0,0,0,0,1,0,0,0,0,0,0,0,0,1,0,0,0,0,0,0,0,0,0,0,0,0,0,0,0,0,0,0,0,0,0,NoBug
0d269e350f01e145b0eec0157b9c45274b2023f7,com.thinkaurelius.titan.util.datastructures.RelationCacheTest.testMap()V,0.0,0,0,0,0.0,0.0,0,0,196.478,31.2,26742.5,894.268,157,44,1485.69,857.131,83.2469,48.6824,44.9081,26.262,5,1,1,0,0,0.0,0,0,0.0,0,24,26,21,0,24,26,21,0,0,0,1,7,0,0,0,0,0,0,0,0,0,0,0,0,0,7,0,0,0,0,0,0,0,0,0,0,0,0,1,0,0,0,Bag
21d712306d38cb33488304cd356b0c812323557d,com.thinkaurelius.titan.graphdb.database.idassigner.StandardIDPool$IDBlockGetter.call()Lcom/thinkaurelius/titan/diskstorage/IDBlock;,0.0,0,0,0,0.0,0.0,0,0,191.698,18.3529,7170.33,371.843,72,43,398.352,390.691,94.1309,55.0473,60.5086,35.3851,4,1,1,0,5,0.0,0,0,0.0,0,16,17,8,0,16,17,8,0,0,0,1,2,0,0,0,0,0,0,0,0,1,0,0,0,0,0,2,0,0,0,0,0,0,0,0,0,0,0,0,0,0,0,NoBug
0221302fd6e14f6d4c85062bd25fcd0608ff1a14,com.thinkaurelius.titan.diskstorage.Backend.getLocker(Ljava/lang/String;)Lcom/thinkaurelius/titan/diskstorage/locking/Locker;,0.0,0,0,0,0.0,0.0,0,0,82.6034,18.75,4325.66,265.482,51,23,240.314,230.702,101.761,59.5092,71.4142,41.7627,3,2,2,1,0,0.0,0,0,0.0,0,12,16,8,1,12,16,8,0,0,0,0,0,0,0,0,0,0,0,0,0,0,0,0,0,0,0,0,0,0,0,0,0,0,0,0,0,0,0,0,0,0,0,Bag
da8901bcea96f225bc445f4e13289b0f04e18e14,com.thinkaurelius.titan.graphdb.transaction.StandardPersistTitanTx.deletedRelation(Lcom/thinkaurelius/titan/graphdb/relations/InternalRelation;)V,0.0,0,0,0,0.0,0.0,0,0,88.7106,21.375,3480.88,229.682,36,23,193.382,162.848,110.14,64.4096,108.191,63.2697,3,1,1,0,3,0.111111,1,0,0.111111,1,8,9,4,1,8,9,4,0,0,0,0,0,0,0,0,0,0,0,0,0,0,0,0,0,0,0,0,0,0,0,0,0,0,0,0,0,0,0,0,0,0,0,NoBug
a1e70246868f0fc9e3e6e1bd454f2b0b13170c3b,com.thinkaurelius.titan.graphdb.vertices.AbstractTitanVertex.getProperties(Ljava/lang/String;)Ljava/lang/Iterable;,0.0,0,0,0,0.0,0.0,0,0,66.0,12.0,1100.86,106.616,22,18,61.1589,91.7384,124.814,72.9904,104.469,61.0929,1,0,0,0,3,0.0,0,0,0.0,0,4,4,1,1,4,4,1,0,0,0,0,0,0,0,0,0,0,0,0,0,0,0,0,0,0,0,0,0,0,0,0,0,0,0,0,0,0,0,0,0,0,0,Bag
28650a32ec86c8fdccc8518318116ed408f1346b,com.thinkaurelius.titan.graphdb.database.IndexSerializer.longID2Name(J)Ljava/lang/String;,0.0,0,0,0,0.0,0.0,0,0,47.7744,10.0,742.309,81.9829,19,15,41.2394,74.2309,125.915,73.6343,106.057,62.0219,1,0,0,2,1,0.0,0,0,0.0,0,4,4,2,1,4,4,2,0,0,0,0,0,0,0,0,0,0,0,0,0,0,0,0,0,0,0,0,0,0,0,0,0,0,0,0,0,0,0,0,0,0,0,Bag
0d269e350f01e145b0eec0157b9c45274b2023f7,com.thinkaurelius.titan.graphdb.idmanagement.VertexIDAssignerTest.testIDAssignment()V,0.0,0,0,0,0.0,0.0,0,0,607.187,59.7115,133376.0,2610.47,332,106,7409.77,2233.67,61.4933,35.961,31.7223,18.5511,17,6,6,0,11,0.05,3,0,0.05,3,57,63,51,0,57,63,51,0,0,0,0,15,0,0,8,0,0,0,0,0,0,0,0,0,0,7,0,0,0,0,0,0,0,0,0,0,0,0,0,0,0,0,Bag
0d269e350f01e145b0eec0157b9c45274b2023f7,com.thinkaurelius.titan.util.stats.IntegerDoubleFrequency.<init>()V,0.0,0,0,0,0.0,0.0,0,0,23.5098,3.0,129.555,25.6037,13,10,7.19751,43.1851,128.731,75.2816,110.121,64.3984,1,0,0,0,0,0.0,0,0,0.0,0,4,4,2,0,4,4,2,0,0,0,0,0,0,0,0,0,0,0,0,0,0,0,0,0,0,0,0,0,0,0,0,0,0,0,0,0,0,0,0,0,0,0,Bag
7d69240e324cb5c2bef71a25dc88fbead1697308,com.thinkaurelius.titan.graphdb.relations.CacheEdge.<init>(JLcom/thinkaurelius/titan/core/TitanLabel;Lcom/thinkaurelius/titan/graphdb/internal/InternalVertex;Lcom/thinkaurelius/titan/graphdb/internal/InternalVertex;BLcom/thinkaurelius/titan/diskstorage/keycolumnvalue/Entry;)V,0.0,0,0,0,0.0,0.0,0,0,91.3567,12.7273,2600.56,189.109,44,25,144.476,204.33,111.354,65.1191,85.1521,49.7966,2,0,0,1,1,0.0,0,0,0.0,0,7,7,5,6,7,7,5,0,0,0,0,0,0,0,0,0,0,0,0,0,0,0,0,0,0,0,0,0,0,0,0,0,0,0,0,0,0,0,0,0,0,0,Bag
63cd447da2fac871c2528fcec575e19b10e7330b,com.thinkaurelius.faunus.mapreduce.util.ElementCheckerTest.testEqual()V,1.0,1,1,1,1.0,1.0,19,15,146.213,10.9318,6111.89,334.285,109,35,339.549,559.092,94.0028,54.9724,60.0183,35.0984,1,0,0,0,4,0.0,0,0,0.0,0,15,19,13,0,15,19,13,0,0,0,1,7,0,0,0,0,0,0,0,0,0,0,0,0,0,7,0,0,0,0,0,0,0,0,0,0,0,0,1,0,0,0,Bag
e715670b304da165feafdf2a991772ae8ff46f25,com.thinkaurelius.titan.graphdb.database.serialize.SerializerInitialization.initialize(Lcom/thinkaurelius/titan/graphdb/database/serialize/Serializer;)V,0.0,0,0,0,0.0,0.0,0,0,515.522,47.73,85207.1,1936.35,273,93,4733.73,1785.19,80.3517,46.9893,40.3239,23.5812,1,0,0,1,2,0.0,0,0,0.0,0,24,24,22,1,24,24,22,0,0,0,0,0,0,0,0,0,0,0,0,0,0,0,0,0,0,0,0,0,0,0,0,0,0,0,0,0,0,0,0,0,0,0,Bag
0221302fd6e14f6d4c85062bd25fcd0608ff1a14,com.thinkaurelius.titan.diskstorage.Backend.getMetricsPrefix(Ljava/lang/String;)Ljava/lang/String;,0.0,0,0,0,0.0,0.0,0,0,31.2611,4.2,210.796,35.4194,14,12,11.7109,50.1895,132.38,77.4154,115.487,67.5364,2,0,0,1,0,0.0,0,0,0.0,0,3,3,1,1,3,3,1,0,0,0,0,0,0,0,0,0,0,0,0,0,0,0,0,0,0,0,0,0,0,0,0,0,0,0,0,0,0,0,0,0,0,0,Bag
ee1d562528178614735f8e5526856dc1e407c97e,com.thinkaurelius.titan.graphdb.database.serialize.kryo.KryoSerializer.<init>(Ljava/util/List;Z)V,0.0,0,0,0,0.0,0.0,0,0,28.7549,4.0,152.215,28.5083,11,11,8.45639,38.0537,134.05,78.3916,117.794,68.8853,1,0,0,0,0,0.0,0,0,0.0,0,3,3,1,2,3,3,1,0,0,0,0,0,0,0,0,0,0,0,0,0,0,0,0,0,0,0,0,0,0,0,0,0,0,0,0,0,0,0,0,0,0,0,NoBug
dfa482899dc5f4461457b5999de97afb7c285895,com.thinkaurelius.titan.graphdb.TitanGraphTest.testCreateDelete()V,0.0,0,0,0,0.0,0.0,0,0,256.978,31.32,29019.1,944.328,161,54,1612.17,926.537,84.4514,49.3868,61.7878,36.1332,1,0,0,0,16,0.0416667,1,1,0.0416667,1,23,26,21,0,23,26,21,0,0,0,1,7,0,0,0,0,0,0,1,0,0,0,0,1,0,5,0,0,0,0,0,0,0,0,0,0,0,0,1,0,0,0,NoBug
a1e70246868f0fc9e3e6e1bd454f2b0b13170c3b,com.thinkaurelius.titan.util.interval.RangeWithHoles.intersect(Lcom/thinkaurelius/titan/util/interval/AtomicInterval;)Lcom/thinkaurelius/titan/util/interval/AtomicInterval;,0.0,0,0,0,0.0,0.0,0,0,241.406,66.6667,54649.8,1440.1,146,49,3036.1,819.748,85.9724,50.2762,65.6267,38.3782,7,2,2,0,10,0.047619,1,0,0.047619,1,20,20,17,1,20,20,17,0,0,0,1,7,0,0,6,0,0,0,0,0,1,0,0,0,0,0,0,0,0,0,0,0,0,0,0,0,0,0,0,1,0,0,Bag
f77a4f7d95c07a0f54fc714dc97ddbb6a19ab431,com.thinkaurelius.titan.graphdb.database.StandardTitanGraph$2.call()Ljava/lang/Boolean;,0.0,0,0,0,0.0,0.0,0,0,514.413,99.375,243753.0,3902.11,376,92,13541.8,2452.86,59.5152,34.8042,39.0305,22.8248,26,4,4,0,22,0.126984,8,0,0.126984,8,55,70,45,0,55,70,45,0,0,0,1,12,0,2,10,0,0,0,0,0,0,0,0,0,0,0,0,0,0,0,0,0,0,0,0,0,0,0,0,1,0,0,NoBug
310af27dbd22377fa2bd9597d3a61227977918d2,com.thinkaurelius.titan.graphdb.idmanagement.IDPoolTest.testPoolExhaustion1()V,0.0,0,0,0,0.0,0.0,0,0,128.09,8.5,1997.5,158.608,47,32,110.972,235.0,98.0497,57.339,66.0605,38.6319,3,2,2,0,0,0.0,0,0,0.0,0,15,15,11,0,15,15,11,0,0,0,5,3,0,0,0,0,0,0,0,0,0,0,0,0,0,3,0,0,0,0,0,0,0,0,0,0,0,0,0,0,5,0,Bag
c7ac478437665f6989f9925b4198f0effcba94a3,com.thinkaurelius.titan.diskstorage.lucene.LuceneIndex.convertQuery(LKeyCondition;)LFilter;,0.0,0,0,0,0.0,0.0,0,0,423.319,100.545,243308.0,3897.36,385,78,13517.1,2419.88,64.0909,37.48,46.0243,26.9148,16,5,4,1,12,0.142857,8,0,0.142857,8,48,56,40,1,48,56,40,0,0,0,0,4,0,0,3,0,0,0,0,0,1,0,0,0,0,0,0,0,0,0,0,0,0,0,0,0,0,0,0,0,0,0,Bag
37491a904e67614fbac185f651adbc0e9d405b4b,com.thinkaurelius.titan.diskstorage.es.ElasticSearchConfigTest.testLocalNodeUsingYaml()V,0.0,0,0,0,0.0,0.0,0,0,91.3567,5.5,1455.85,128.453,57,25,80.8805,264.7,99.0086,57.8997,67.2401,39.3217,1,0,0,0,0,0.0,0,0,0.0,0,14,18,10,0,14,18,10,0,0,0,4,3,0,0,0,0,0,0,0,0,0,0,0,0,0,3,0,0,0,0,0,0,0,0,0,0,0,0,0,0,4,0,Bag
63cd447da2fac871c2528fcec575e19b10e7330b,com.thinkaurelius.faunus.mapreduce.filter.IntervalFilterMap.createConfiguration(LClass;LString;LObject;LObject;)LConfiguration;,0.0,0,0,0,0.0,0.0,0,0,241.524,44.9167,40511.0,1179.55,159,51,2250.61,901.916,84.6216,49.4863,62.6616,36.6442,4,3,1,3,1,0.0434783,1,0,0.0434783,1,22,22,18,4,22,22,18,0,0,0,1,0,0,0,0,0,0,0,0,0,0,0,0,0,0,0,0,0,0,0,0,0,0,0,0,0,0,1,0,0,0,0,Bag
0221302fd6e14f6d4c85062bd25fcd0608ff1a14,com.thinkaurelius.titan.diskstorage.Backend.getImplementationClass(LConfiguration;LString;LString;LMap;)LT;,0.0,0,0,0,0.0,0.0,0,0,100.362,23.0714,5747.63,320.868,53,26,319.313,249.123,110.323,64.5163,83.6651,48.927,2,1,1,2,1,0.0,0,0,0.0,0,7,8,4,4,7,8,4,0,2,0,0,0,0,0,0,0,0,0,0,0,2,0,0,0,0,0,0,0,0,0,0,0,0,0,0,0,0,0,0,0,0,0,Bag
627201ea7c20d1f72ab1d548ad5ec11041da09ee,com.thinkaurelius.titan.graphdb.TestMockIndexProvider.<init>(Lcom/thinkaurelius/titan/diskstorage/configuration/Configuration;)V,0.0,0,0,0,0.0,0.0,0,0,66.5831,7.94444,1270.41,117.299,37,20,70.5781,159.911,118.309,69.1866,95.0849,55.6052,1,0,0,0,2,0.0,0,0,0.0,0,5,5,2,1,5,5,2,0,0,0,0,0,0,0,0,0,0,0,0,0,0,0,0,0,0,0,0,0,0,0,0,0,0,0,0,0,0,0,0,0,0,0,Bag
7d69240e324cb5c2bef71a25dc88fbead1697308,com.thinkaurelius.titan.graphdb.relations.CacheEdge.getPropertyKeysDirect()Ljava/lang/Iterable;,1.0,1,3,1,1.0,1.0,10,10,150.116,37.3333,13295.2,561.217,70,34,738.624,356.122,102.457,59.9162,72.4184,42.3499,3,2,2,0,5,0.0,0,0,0.0,0,10,10,9,0,10,10,9,0,0,0,0,2,0,0,2,0,0,0,0,0,0,0,0,0,0,0,0,0,0,0,0,0,0,0,0,0,0,0,0,0,0,0,Bag
abc6f869fe83b17935119c88fc85a1b2a871f495,com.thinkaurelius.titan.diskstorage.keycolumnvalue.inmemory.InMemoryKeyColumnValueStore$1.next()Ljava/nio/ByteBuffer;,0.0,0,0,0,0.0,0.0,0,0,35.2193,5.0,215.098,35.8997,12,12,11.9499,43.0195,128.751,75.2932,110.15,64.4152,1,0,0,0,0,0.0,0,0,0.0,0,4,4,1,0,4,4,1,0,0,0,0,0,0,0,0,0,0,0,0,0,0,0,0,0,0,0,0,0,0,0,0,0,0,0,0,0,0,0,0,0,0,0,Bag
abc6f869fe83b17935119c88fc85a1b2a871f495,com.thinkaurelius.titan.diskstorage.idmanagement.ConsistentKeyIDManager.getIDBlock(I)[J,0.0,0,0,0,0.0,0.0,0,0,874.261,84.0938,253126.0,4001.51,421,142,14062.5,3010.04,57.5435,33.6512,37.9216,22.1764,15,6,6,0,17,0.160494,13,0,0.160494,13,68,95,55,1,68,95,55,0,0,0,2,12,0,1,12,0,0,0,0,0,0,0,0,0,0,0,0,0,0,0,0,0,0,0,0,0,0,1,0,0,0,0,Bag
86e5b6e3b408b55a7705c20627e702ca5c1fe313,com.thinkaurelius.titan.example.GraphOfTheGodsFactory.create(Ljava/lang/String;)Lcom/thinkaurelius/titan/core/TitanGraph;,0.0,0,0,0,0.0,0.0,0,0,118.764,5.5,1565.3,134.813,58,30,86.961,284.6,101.129,59.1397,70.2991,41.1106,1,0,0,0,0,0.0,0,0,0.0,0,12,13,10,1,12,13,10,0,0,0,3,0,0,0,0,0,0,0,0,0,0,0,0,0,0,0,0,0,0,0,0,0,0,0,0,0,0,0,1,0,2,0,NoBug
78e78eac4e59a716b323408c75aacfdc6e138508,com.thinkaurelius.titan.graphdb.tinkerpop.TitanBlueprintsGraph.getAutoStartTx()Lcom/thinkaurelius/titan/graphdb/tinkerpop/TitanBlueprintsTransaction;,0.0,0,0,0,0.0,0.0,0,0,62.671,6.0,662.677,76.0095,26,19,36.8154,110.446,112.39,65.7249,86.6466,50.6705,2,1,1,0,0,0.0,0,0,0.0,0,8,9,6,0,8,9,6,0,0,0,2,2,0,0,2,0,0,0,0,0,0,0,0,0,0,0,0,0,0,0,0,0,0,0,0,0,0,0,0,0,2,0,Bag
f77a4f7d95c07a0f54fc714dc97ddbb6a19ab431,com.thinkaurelius.titan.graphdb.relations.CacheEdge$1.apply(Lcom/thinkaurelius/titan/graphdb/internal/InternalRelation;)Z,1.0,1,3,1,1.0,1.0,4,4,68.7549,13.3333,1302.7,119.279,23,19,72.3721,97.7023,124.256,72.6643,103.766,60.6821,2,0,0,0,1,0.0,0,0,0.0,0,4,4,1,1,4,4,1,0,0,0,0,0,0,0,0,0,0,0,0,0,0,0,0,0,0,0,0,0,0,0,0,0,0,0,0,0,0,0,0,0,0,0,NoBug
0d269e350f01e145b0eec0157b9c45274b2023f7,com.thinkaurelius.titan.diskstorage.IDAuthorityTest.testMultiIDAcquisition()V,0.0,0,0,0,0.0,0.0,0,0,494.283,75.7167,133858.0,2616.75,273,89,7436.53,1767.88,71.3479,41.7239,45.0232,26.3293,8,2,2,0,4,0.05,2,0,0.05,2,38,46,37,0,38,46,37,0,0,0,1,5,0,0,2,0,0,0,0,0,1,0,0,0,0,3,0,0,0,0,0,0,0,0,0,0,0,0,0,0,0,0,Bag
736d71a8f5d93e0d3af1279a3edca9adcc4d0f94,com.thinkaurelius.titan.graphdb.types.vertices.TitanSchemaVertex.getRelated(Lcom/thinkaurelius/titan/graphdb/types/TypeDefinitionCategory;LDirection;)LIterable;,0.0,0,0,0,0.0,0.0,0,0,180.815,13.0,8357.78,411.839,120,41,464.321,642.906,78.6634,46.002,38.7028,22.6332,9,3,3,0,0,0.0,0,0,0.0,0,33,33,24,2,33,33,24,0,0,0,7,1,0,0,1,0,0,0,0,0,0,0,0,0,0,0,0,0,0,0,0,0,0,0,0,0,0,0,0,0,7,0,Bag
e871add0cbdfdc52cf5475b2f62019fb3a35016a,com.thinkaurelius.titan.graphdb.transaction.StandardTitanTx.<init>(Lcom/thinkaurelius/titan/graphdb/database/StandardTitanGraph;Lcom/thinkaurelius/titan/graphdb/transaction/TransactionConfig;Lcom/thinkaurelius/titan/diskstorage/BackendTransaction;)V,0.0,0,0,0,0.0,0.0,0,0,369.345,38.9423,46939.1,1301.24,196,71,2607.73,1205.35,77.2735,45.1892,36.0868,21.1034,3,1,1,1,8,0.0,0,0,0.0,0,32,36,26,3,40,44,28,0,0,0,1,2,0,0,1,0,0,0,0,0,1,0,0,0,0,0,0,0,0,0,0,0,0,0,0,0,0,0,0,0,1,0,Bag
c7ac478437665f6989f9925b4198f0effcba94a3,com.thinkaurelius.titan.diskstorage.indexing.IndexProviderTest.storeTest([Ljava/lang/String;)V,0.0,0,0,0,0.0,0.0,0,0,1323.26,36.732,223388.0,3681.63,801,193,12410.4,6081.56,59.2749,34.6637,20.323,11.8848,4,1,1,2,12,0.0172414,1,0,0.0172414,1,57,85,52,1,57,85,52,0,0,0,9,19,0,0,0,0,0,0,0,0,0,0,0,0,0,19,0,0,0,0,0,0,0,0,0,0,0,0,8,1,0,0,Bag
7d69240e324cb5c2bef71a25dc88fbead1697308,com.thinkaurelius.titan.graphdb.relations.CacheProperty.getLifeCycle()B,0.0,0,0,0,0.0,0.0,0,0,98.0482,10.0,1857.54,151.11,40,25,103.197,185.754,116.84,68.3275,93.2711,54.5445,4,1,1,0,6,0.0,0,0,0.0,0,5,5,3,0,5,5,3,0,0,0,0,2,0,0,1,0,0,0,0,0,1,0,0,0,0,0,0,0,0,0,0,0,0,0,0,0,0,0,0,0,0,0,Bag
7d69240e324cb5c2bef71a25dc88fbead1697308,com.thinkaurelius.titan.graphdb.relations.CacheEdge.getID()J,0.0,0,0,0,0.0,0.0,0,0,71.4869,17.0,1949.8,156.073,27,19,108.322,114.694,116.854,68.3355,93.087,54.4369,2,1,1,0,3,0.0,0,0,0.0,0,6,6,4,0,6,6,4,0,0,0,0,2,0,0,1,0,0,0,0,0,1,0,0,0,0,0,0,0,0,0,0,0,0,0,0,0,0,0,0,0,0,0,Bag
6c3914ad754ddd53d8118a6350dc6587ec1f6639,com.thinkaurelius.titan.diskstorage.lucene.LuceneIndex.mutate(Ljava/util/Map;Lcom/thinkaurelius/titan/diskstorage/indexing/KeyInformation$IndexRetriever;Lcom/thinkaurelius/titan/diskstorage/BaseTransaction;)V,0.0,0,0,0,0.0,0.0,0,0,250.702,14.0,11146.5,498.992,139,53,619.252,796.181,72.527,42.4134,41.1716,24.0769,9,6,6,0,0,0.0217391,1,0,0.0217391,1,45,53,34,3,45,53,34,0,0,0,12,4,0,0,4,0,0,0,0,0,1,0,0,0,0,0,0,0,0,0,0,0,0,0,0,0,0,0,0,0,11,0,Bag
7d69240e324cb5c2bef71a25dc88fbead1697308,com.thinkaurelius.titan.graphdb.relations.CacheProperty.setPropertyDirect(Lcom/thinkaurelius/titan/core/TitanType;Ljava/lang/Object;)V,0.0,0,0,0,0.0,0.0,0,0,37.9742,8.33333,493.392,62.4398,16,13,27.4107,59.207,127.091,74.322,107.754,63.014,1,0,0,0,2,0.0,0,0,0.0,0,4,4,1,2,4,4,1,0,0,0,0,0,0,0,0,0,0,0,0,0,0,0,0,0,0,0,0,0,0,0,0,0,0,0,0,0,0,0,0,0,0,0,Bag
a1e70246868f0fc9e3e6e1bd454f2b0b13170c3b,com.thinkaurelius.titan.graphdb.relations.LabeledTitanEdge.getVertices(LDirection;[LString;)LIterable;,0.0,0,0,0,0.0,0.0,0,0,68.7549,13.3333,1415.98,126.097,25,19,78.6653,106.198,124.052,72.5453,103.371,60.4508,1,0,0,0,2,0.0,0,0,0.0,0,4,4,1,2,4,4,1,0,0,0,0,0,0,0,0,0,0,0,0,0,0,0,0,0,0,0,0,0,0,0,0,0,0,0,0,0,0,0,0,0,0,0,Bag
0d8b54a4de742f9ccbad2cd43e9c2ae9f35e6909,com.thinkaurelius.titan.diskstorage.cassandra.CassandraThriftStorageManager.close()V,0.0,0,0,0,0.0,0.0,0,0,4.75489,1.5,12.0,5.24148,4,4,0.666667,8.0,142.159,83.1341,164.465,96.1784,1,0,0,0,0,0.25,1,0,0.25,1,3,4,0,0,3,4,0,0,0,0,0,0,0,0,0,0,0,0,0,0,0,0,0,0,0,0,0,0,0,0,0,0,0,0,0,0,0,0,0,0,0,0,Bag
0221302fd6e14f6d4c85062bd25fcd0608ff1a14,com.thinkaurelius.titan.diskstorage.Backend.getLockStore(Lcom/thinkaurelius/titan/diskstorage/keycolumnvalue/KeyColumnValueStore;)Lcom/thinkaurelius/titan/diskstorage/keycolumnvalue/KeyColumnValueStore;,0.0,0,0,0,0.0,0.0,0,0,28.7549,5.33333,239.854,38.6039,13,11,13.3252,44.9726,133.181,77.8836,116.541,68.1524,1,0,0,1,1,0.0,0,0,0.0,0,3,3,1,1,3,3,1,0,0,0,0,0,0,0,0,0,0,0,0,0,0,0,0,0,0,0,0,0,0,0,0,0,0,0,0,0,0,0,0,0,0,0,Bag
a1e70246868f0fc9e3e6e1bd454f2b0b13170c3b,com.thinkaurelius.titan.graphdb.relations.LabeledTitanEdge.getProperties()Ljava/lang/Iterable;,0.0,0,0,0,0.0,0.0,0,0,53.303,7.0,437.572,57.6368,16,15,24.3095,62.5103,126.808,74.1569,107.347,62.7758,1,0,0,0,2,0.0,0,0,0.0,0,4,4,1,0,4,4,1,0,0,0,0,0,0,0,0,0,0,0,0,0,0,0,0,0,0,0,0,0,0,0,0,0,0,0,0,0,0,0,0,0,0,0,Bag
e7167fe372470cbecec7f2713ca423fb319e455a,com.thinkaurelius.titan.graphdb.TitanOperationCountingTest.testReadOperations(Z)V,0.0,0,0,0,0.0,0.0,0,0,588.369,11.0,21705.5,778.12,297,100,1205.86,1973.23,59.1267,34.577,34.311,20.0649,8,3,2,0,0,0.103448,9,0,0.103448,9,78,98,79,1,78,98,79,0,0,0,17,27,0,0,1,0,0,0,1,0,0,0,0,0,0,25,0,0,0,0,0,0,0,0,0,0,0,0,3,0,14,0,Bag
2acbf827aca75c65380851dfff34901e88a2f37c,com.thinkaurelius.titan.graphdb.TitanGraphTest.testConfiguration()V,0.0,0,0,0,0.0,0.0,0,0,4.75489,1.5,12.0,5.24148,4,4,0.666667,8.0,142.159,83.1341,171.013,100.007,1,0,0,0,0,0.4,2,0,0.4,2,3,6,0,0,3,6,0,0,0,0,2,0,0,0,0,0,0,0,0,0,1,0,0,0,0,1,0,0,0,0,0,0,0,0,0,0,0,0,0,0,0,0,Bag
a1e70246868f0fc9e3e6e1bd454f2b0b13170c3b,com.thinkaurelius.titan.graphdb.relations.LabeledTitanEdge.getPropertyCount()J,0.0,0,0,0,0.0,0.0,0,0,43.0195,6.0,310.837,45.8869,14,13,17.2687,51.8062,127.785,74.7281,153.212,89.5979,1,0,0,0,2,0.5,4,4,0.5,4,4,4,1,0,4,4,1,0,0,0,0,0,0,0,0,0,0,0,0,0,0,0,0,0,0,0,0,0,0,0,0,0,0,0,0,0,0,0,0,0,0,0,Bag
37491a904e67614fbac185f651adbc0e9d405b4b,com.thinkaurelius.titan.core.TitanFactory$Builder.<init>()V,0.0,0,0,0,0.0,0.0,0,0,8.0,2.0,23.2193,8.1389,5,5,1.28996,11.6096,140.223,82.0017,126.7,74.0935,1,0,0,0,0,0.0,0,0,0.0,0,3,3,1,0,3,3,1,0,0,0,0,1,0,0,0,0,0,0,0,0,0,0,0,1,0,0,0,0,0,0,0,0,0,0,0,0,0,0,0,0,0,0,Bag
21d712306d38cb33488304cd356b0c812323557d,com.thinkaurelius.titan.diskstorage.berkeleyje.BerkeleyJEStoreManager.<init>(Lcom/thinkaurelius/titan/diskstorage/configuration/Configuration;)V,0.0,0,0,0,0.0,0.0,0,0,226.277,20.6429,9914.9,461.522,86,48,550.828,480.307,94.7926,55.4343,103.437,60.4895,1,0,0,0,13,0.423077,11,0,0.423077,11,15,29,5,1,15,29,5,0,0,0,0,0,0,0,0,0,0,0,0,0,0,0,0,0,0,0,0,0,0,0,0,0,0,0,0,0,0,0,0,0,0,0,NoBug
5030ddbd044b915588512ef74029ca9ac3095392,com.thinkaurelius.titan.diskstorage.util.KeyValueStoreAdapter.concatenate(Ljava/nio/ByteBuffer;Ljava/nio/ByteBuffer;)Ljava/nio/ByteBuffer;,0.0,0,0,0,0.0,0.0,0,0,183.901,43.5,29131.7,946.769,125,41,1618.43,669.694,87.7137,51.2945,73.7654,43.1377,4,1,1,7,0,0.0909091,2,0,0.0909091,2,20,24,18,2,20,24,18,0,0,0,0,2,0,0,2,0,0,0,0,0,0,0,0,0,0,0,0,0,0,0,0,0,0,0,0,0,0,0,0,0,0,0,Bag
5030ddbd044b915588512ef74029ca9ac3095392,com.thinkaurelius.titan.diskstorage.util.OrderedKeyValueStoreAdapter$KeyColumnSliceSelector.include(Ljava/nio/ByteBuffer;)Z,0.0,0,0,0,0.0,0.0,0,0,252.239,15.75,10735.6,486.65,119,53,596.42,681.623,78.9833,46.1891,53.305,31.1725,13,3,3,0,3,0.0322581,1,0,0.0322581,1,30,34,24,1,30,34,24,0,0,0,0,9,0,1,7,0,0,0,0,0,1,0,0,0,0,0,0,0,0,0,0,0,0,0,0,0,0,0,0,0,0,0,Bag
0221302fd6e14f6d4c85062bd25fcd0608ff1a14,com.thinkaurelius.titan.diskstorage.Backend.instantiate(Ljava/lang/String;[Ljava/lang/Object;)Ljava/lang/Object;,0.0,0,0,0,0.0,0.0,0,0,265.963,30.625,21600.6,775.611,122,55,1200.03,705.326,86.7541,50.7334,50.1716,29.3401,7,1,1,1,0,0.0,0,0,0.0,0,20,21,11,2,20,21,11,0,0,0,3,1,0,0,0,0,0,0,0,0,3,0,0,0,0,0,0,0,0,0,0,0,0,0,0,0,0,0,1,0,0,0,Bag
28650a32ec86c8fdccc8518318116ed408f1346b,com.thinkaurelius.titan.graphdb.database.IndexSerializer.<init>(Lcom/thinkaurelius/titan/graphdb/database/serialize/Serializer;Ljava/util/Map;)V,0.0,0,0,0,0.0,0.0,0,0,54.6292,8.4,824.032,87.8948,24,17,45.7796,98.0991,124.465,72.7865,103.966,60.7988,1,0,0,1,0,0.0,0,0,0.0,0,4,4,2,2,4,4,2,0,0,0,0,0,0,0,0,0,0,0,0,0,0,0,0,0,0,0,0,0,0,0,0,0,0,0,0,0,0,0,0,0,0,0,Bag
a1e70246868f0fc9e3e6e1bd454f2b0b13170c3b,com.thinkaurelius.titan.graphdb.relations.LabeledTitanEdge.getTitanEdges(LDirection;[LTitanLabel;)LIterable;,0.0,0,0,0,0.0,0.0,0,0,74.2418,14.1667,1530.68,132.818,25,20,85.0379,108.048,123.963,72.4928,103.241,60.375,1,0,0,0,2,0.0,0,0,0.0,0,4,4,1,2,4,4,1,0,0,0,0,0,0,0,0,0,0,0,0,0,0,0,0,0,0,0,0,0,0,0,0,0,0,0,0,0,0,0,0,0,0,0,Bag
e7167fe372470cbecec7f2713ca423fb319e455a,com.thinkaurelius.titan.graphdb.TitanGraphTest.testEdgeTTLLimitedByVertexTTL()V,0.285714,1,3,3,0.333333,0.375,33,30,351.68,8.5,14024.8,581.564,272,67,779.155,1649.98,60.5669,35.4192,36.7735,21.505,4,1,1,0,0,0.111111,10,0,0.111111,10,80,99,73,0,80,99,73,0,0,0,18,38,0,1,0,0,0,0,0,0,0,1,0,9,0,29,0,0,0,0,0,0,0,0,0,0,0,0,0,1,16,0,Bag
bd1445809192f13ed0674e0a81c8117fe263b0a0,com.thinkaurelius.titan.graphdb.database.StandardTitanGraph.persist(LListMultimap;LMap;LInternalTitanTransaction;LBackendMutator;)V,0.0,0,0,0,0.0,0.0,0,0,385.823,78.0,96732.1,2107.24,201,72,5374.0,1240.15,78.7279,46.0397,78.6497,45.994,8,4,4,1,11,0.357143,15,0,0.357143,15,27,46,19,4,27,46,19,0,0,0,0,2,0,0,2,0,0,0,0,0,0,0,0,0,0,0,0,0,0,0,0,0,0,0,0,0,0,0,0,0,0,0,Bag
a1e70246868f0fc9e3e6e1bd454f2b0b13170c3b,com.thinkaurelius.titan.graphdb.vertices.AbstractTitanVertex.getPropertyCount()J,0.0,0,0,0,0.0,0.0,0,0,43.0195,6.0,310.837,45.8869,14,13,17.2687,51.8062,127.785,74.7281,153.212,89.5979,1,0,0,0,2,0.5,4,4,0.5,4,4,4,1,0,4,4,1,0,0,0,0,0,0,0,0,0,0,0,0,0,0,0,0,0,0,0,0,0,0,0,0,0,0,0,0,0,0,0,0,0,0,0,Bag
736f1d41ff7db602e3836a89eae80f29f2f9c4dc,com.thinkaurelius.titan.graphdb.query.GraphCentricQueryBuilder.vertices()Ljava/lang/Iterable;,0.0,0,0,0,0.0,0.0,0,0,148.033,21.2143,6151.83,335.74,57,34,341.768,289.985,107.37,62.7894,118.397,69.2382,2,1,1,0,7,0.333333,4,4,0.333333,4,8,8,4,0,8,8,4,0,0,0,0,2,0,0,1,0,0,0,0,0,1,0,0,0,0,0,0,0,0,0,0,0,0,0,0,0,0,0,0,0,0,0,Bag
4bb50eed4955f432a43b0a5b60ed6357ba14f004,com.thinkaurelius.titan.graphdb.TitanGraphTest.testQuery()V,0.390313,1,4,2,0.224719,0.25974,20,20,2186.77,47.382,445361.0,5831.88,1147,293,24742.3,9399.39,50.9887,29.8179,10.9769,6.41925,9,3,2,0,31,0.0253165,2,0,0.0253165,2,77,89,86,0,77,89,86,0,0,0,2,68,0,0,4,0,0,0,0,0,0,0,0,28,0,36,0,0,0,0,0,0,0,0,0,0,0,0,2,0,0,0,Bag
a1e70246868f0fc9e3e6e1bd454f2b0b13170c3b,com.thinkaurelius.titan.graphdb.vertices.AbstractTitanVertex.getEdges(LDirection;[LString;)LIterable;,0.0,0,0,0,0.0,0.0,0,0,68.7549,13.3333,1415.98,126.097,25,19,78.6653,106.198,124.052,72.5453,103.371,60.4508,1,0,0,0,2,0.0,0,0,0.0,0,4,4,1,2,4,4,1,0,0,0,0,0,0,0,0,0,0,0,0,0,0,0,0,0,0,0,0,0,0,0,0,0,0,0,0,0,0,0,0,0,0,0,Bag
a1e70246868f0fc9e3e6e1bd454f2b0b13170c3b,com.thinkaurelius.titan.graphdb.relations.SimpleProperty.<init>(Lcom/thinkaurelius/titan/core/TitanKey;Lcom/thinkaurelius/titan/graphdb/vertices/InternalTitanVertex;Ljava/lang/Object;)V,0.0,0,0,0,0.0,0.0,0,0,99.0587,20.25,6091.77,333.551,64,26,338.432,300.828,103.564,60.5638,73.9142,43.2247,2,1,1,4,3,0.0,0,0,0.0,0,10,10,7,3,10,10,7,0,0,0,0,1,0,0,0,0,0,0,0,0,1,0,0,0,0,0,0,0,0,0,0,0,0,0,0,0,0,0,0,0,0,0,Bag
7d69240e324cb5c2bef71a25dc88fbead1697308,com.thinkaurelius.titan.graphdb.relations.StandardProperty.setPreviousID(J)V,0.0,0,0,0,0.0,0.0,0,0,44.8289,8.0,750.123,82.5572,24,15,41.6735,93.7654,118.131,69.0827,94.8285,55.4553,1,0,0,1,0,0.0,0,0,0.0,0,6,6,3,1,6,6,3,0,0,0,0,0,0,0,0,0,0,0,0,0,0,0,0,0,0,0,0,0,0,0,0,0,0,0,0,0,0,0,0,0,0,0,Bag
33a560db97bf3187ac45d1fe4fdf2e6b817bec40,com.thinkaurelius.titan.graphdb.database.serialize.attribute.ShortSerializer.read(Ljava/nio/ByteBuffer;)Ljava/lang/Short;,0.0,0,0,0,0.0,0.0,0,0,63.3582,10.0,959.083,97.2533,23,18,53.2824,95.9083,124.582,72.8552,104.135,60.8979,1,0,0,1,0,0.0,0,0,0.0,0,4,4,1,1,4,4,1,0,0,0,0,0,0,0,0,0,0,0,0,0,0,0,0,0,0,0,0,0,0,0,0,0,0,0,0,0,0,0,0,0,0,0,NoBug
ed88d7286080492045efafb45a69fa4cb6eeb94d,com.thinkaurelius.titan.graphdb.query.ComplexTitanQuery.<init>(Lcom/thinkaurelius/titan/graphdb/query/ComplexTitanQuery;)V,0.0,0,0,0,0.0,0.0,0,0,66.6034,18.75,2787.7,198.076,35,19,154.872,148.677,122.073,71.3876,100.617,58.8401,2,1,1,1,1,0.0,0,0,0.0,0,4,4,3,1,4,4,3,0,0,0,0,1,0,0,1,0,0,0,0,0,0,0,0,0,0,0,0,0,0,0,0,0,0,0,0,0,0,0,0,0,0,0,NoBug
ed88d7286080492045efafb45a69fa4cb6eeb94d,com.thinkaurelius.titan.graphdb.query.SimpleAtomicQuery.includeHidden()Lcom/thinkaurelius/titan/graphdb/query/SimpleAtomicQuery;,0.0,0,0,0,0.0,0.0,0,0,24.4064,3.5,127.894,25.3844,11,10,7.10523,36.5412,125.985,73.6756,106.159,62.0814,1,0,0,4,0,0.0,0,0,0.0,0,5,5,2,0,5,5,2,0,0,0,0,0,0,0,0,0,0,0,0,0,0,0,0,0,0,0,0,0,0,0,0,0,0,0,0,0,0,0,0,0,0,0,NoBug
ed88d7286080492045efafb45a69fa4cb6eeb94d,com.thinkaurelius.titan.graphdb.query.SimpleAtomicQuery.titanEdges()Ljava/lang/Iterable;,0.0,0,0,0,0.0,0.0,0,0,63.3582,7.5,719.312,80.2808,23,18,39.9618,95.9083,120.967,70.7412,98.9201,57.848,1,0,0,2,3,0.0,0,0,0.0,0,5,5,2,0,5,5,2,0,0,0,0,0,0,0,0,0,0,0,0,0,0,0,0,0,0,0,0,0,0,0,0,0,0,0,0,0,0,0,0,0,0,0,NoBug
3247d28161a1c089cb463c208ae21c5129eee1af,com.thinkaurelius.titan.util.system.TXUtils.rollbackQuietly(Lcom/thinkaurelius/titan/core/TitanTransaction;)V,0.0,0,0,0,0.0,0.0,0,0,49.6634,5.5,418.0,55.905,19,16,23.2222,76.0,112.195,65.6112,86.468,50.5661,3,1,1,0,0,0.0,0,0,0.0,0,9,10,5,1,9,10,5,0,0,0,0,2,0,0,2,0,0,0,0,0,0,0,0,0,0,0,0,0,0,0,0,0,0,0,0,0,0,0,0,0,0,0,NoBug
ed88d7286080492045efafb45a69fa4cb6eeb94d,com.thinkaurelius.titan.graphdb.vertices.AbstractTitanVertex.getProperty(Lcom/thinkaurelius/titan/core/TitanKey;Ljava/lang/Class;)Ljava/lang/Object;,1.0,1,3,1,1.0,1.0,10,10,178.935,22.4091,7155.57,371.333,60,40,397.532,319.316,103.024,60.2479,73.2368,42.8285,3,2,2,1,5,0.0,0,0,0.0,0,10,10,6,2,10,10,6,0,0,0,0,1,0,0,1,0,0,0,0,0,0,0,0,0,0,0,0,0,0,0,0,0,0,0,0,0,0,0,0,0,0,0,NoBug
ed88d7286080492045efafb45a69fa4cb6eeb94d,com.thinkaurelius.titan.graphdb.vertices.LoadedEmptyTitanVertex.hasLoadedEdges(Lcom/thinkaurelius/titan/graphdb/query/AtomicQuery;)Z,0.0,0,0,0,0.0,0.0,0,0,20.2647,3.0,85.588,19.4212,9,9,4.75489,28.5293,130.887,76.5422,113.231,66.2171,1,0,0,0,0,0.0,0,0,0.0,0,4,4,1,1,4,4,1,0,0,0,0,0,0,0,0,0,0,0,0,0,0,0,0,0,0,0,0,0,0,0,0,0,0,0,0,0,0,0,0,0,0,0,NoBug
8e76984347ad0cc94af1cde0ecb9b018e79d526c,com.thinkaurelius.titan.diskstorage.cassandra.thrift.thriftpool.CTConnectionFactory$Config.getRandomHost()Ljava/lang/String;,0.0,0,0,0,0.0,0.0,0,0,28.7549,4.0,193.728,33.4808,14,11,10.7627,48.432,132.566,77.5238,115.755,67.6927,2,0,0,0,0,0.0,0,0,0.0,0,3,3,1,0,3,3,1,0,0,0,0,0,0,0,0,0,0,0,0,0,0,0,0,0,0,0,0,0,0,0,0,0,0,0,0,0,0,0,0,0,0,0,NoBug
d39591ed87e4e2f0c854e1e9942af37cd070e2e5,com.thinkaurelius.titan.graphdb.relations.CacheEdge.it()Lcom/thinkaurelius/titan/graphdb/internal/InternalRelation;,1.0,1,3,1,1.0,1.0,16,15,144.626,16.6667,5257.05,302.339,62,34,292.058,315.423,101.314,59.2478,92.494,54.0901,4,1,1,1,6,0.0833333,1,0,0.0625,1,11,12,7,0,15,16,8,0,0,0,0,3,0,0,1,0,0,0,0,0,1,0,0,0,0,0,0,0,0,0,0,0,0,0,1,0,0,0,0,0,0,0,NoBug
b428f3b0b34bc81d67ec83b7203320ba2578bf89,com.thinkaurelius.titan.graphdb.query.GraphCentricQueryBuilder.edges()Ljava/lang/Iterable;,0.0,0,0,0,0.0,0.0,0,0,90.5684,10.5,1540.55,133.388,32,24,85.586,146.719,118.757,69.4484,95.7308,55.9829,1,0,0,0,2,0.0,0,0,0.0,0,5,5,2,0,5,5,2,0,0,0,0,0,0,0,0,0,0,0,0,0,0,0,0,0,0,0,0,0,0,0,0,0,0,0,0,0,0,0,0,0,0,0,NoBug
ed88d7286080492045efafb45a69fa4cb6eeb94d,com.thinkaurelius.titan.graphdb.query.SimpleTitanQuery.keys([Ljava/lang/String;)Lcom/thinkaurelius/titan/core/TitanQuery;,0.0,0,0,0,0.0,0.0,0,0,30.5293,6.75,280.214,42.8213,12,11,15.5674,41.5132,128.937,75.4016,110.417,64.5716,1,0,0,2,1,0.0,0,0,0.0,0,4,4,1,1,4,4,1,0,0,0,0,0,0,0,0,0,0,0,0,0,0,0,0,0,0,0,0,0,0,0,0,0,0,0,0,0,0,0,0,0,0,0,NoBug
f25283628168a4888ce46f38e6cf7cecb2794c05,com.thinkaurelius.titan.graphdb.database.StandardTitanGraph.closeInternal()V,0.0,0,0,0,0.0,0.0,0,0,140.344,10.5,4487.14,272.049,84,34,249.286,427.347,79.3936,46.429,71.1959,41.6351,7,4,4,0,0,0.195652,9,0,0.195652,9,37,48,24,0,37,48,24,0,0,0,5,3,0,0,2,0,0,0,0,0,2,0,0,0,0,0,0,0,0,0,0,0,0,0,0,0,0,1,0,0,3,0,NoBug
8ed7a34830b0a78e03142c2f4be6ea9d63b30fa8,com.thinkaurelius.titan.diskstorage.keycolumnvalue.StandardStoreFeatures$Builder.build()Lcom/thinkaurelius/titan/diskstorage/keycolumnvalue/StandardStoreFeatures;,0.0,0,0,0,0.0,0.0,0,0,11.6096,2.5,38.7744,11.4559,6,6,2.15414,15.5098,120.919,70.7131,98.8507,57.8074,1,0,0,1,0,0.0,0,0,0.0,0,9,9,1,0,9,9,1,0,0,0,0,0,0,0,0,0,0,0,0,0,0,0,0,0,0,0,0,0,0,0,0,0,0,0,0,0,0,0,0,0,0,0,NoBug
ac746d5753151c1904efda645429fca6a9086231,com.thinkaurelius.titan.graphdb.database.StandardTitanGraph.getEntry(Lcom/thinkaurelius/titan/graphdb/transaction/InternalTitanTransaction;Lcom/thinkaurelius/titan/graphdb/relations/InternalRelation;ILjava/util/Map;Z)Lcom/thinkaurelius/titan/diskstorage/keycolumnvalue/Entry;,0.0,0,0,0,0.0,0.0,0,0,810.613,145.51,661139.0,7589.19,644,133,36729.9,4543.6,49.9091,29.1866,12.9327,7.56301,24,4,4,3,32,0.0344828,3,0,0.0344828,3,84,97,73,5,84,97,73,0,0,0,0,4,0,0,3,0,0,0,1,0,0,0,0,0,0,0,0,0,0,0,0,0,0,0,0,0,0,0,0,0,0,0,NoBug
33a560db97bf3187ac45d1fe4fdf2e6b817bec40,com.thinkaurelius.titan.graphdb.database.serialize.attribute.FloatSerializer.read(Ljava/nio/ByteBuffer;)Ljava/lang/Float;,0.0,0,0,0,0.0,0.0,0,0,81.0965,11.9,1432.82,127.095,27,22,79.6009,120.405,119.785,70.0495,97.2137,56.8501,1,0,0,0,1,0.0,0,0,0.0,0,5,5,2,1,5,5,2,0,0,0,0,1,0,0,0,0,0,0,0,0,1,0,0,0,0,0,0,0,0,0,0,0,0,0,0,0,0,0,0,0,0,0,NoBug
33a560db97bf3187ac45d1fe4fdf2e6b817bec40,com.thinkaurelius.titan.graphdb.TitanGraphTest.testTypes()V,0.0,0,0,0,0.0,0.0,0,0,1341.08,70.1744,520847.0,6473.52,971,200,28936.0,7422.18,42.7714,25.0125,7.58401,4.4351,10,1,1,0,37,0.0748299,11,0,0.0748299,11,136,180,111,0,136,180,111,0,9,0,11,58,0,9,0,0,0,0,1,0,0,9,0,18,0,39,0,0,0,0,0,0,0,0,0,0,0,0,7,0,4,0,Bag
814a5107c5858ef3d4411610feaed4cf74237eb5,com.thinkaurelius.titan.graphdb.TitanGraphTest.testIteration()V,0.0,0,0,0,0.0,0.0,0,0,220.138,42.3913,50191.8,1360.68,212,48,2788.43,1184.01,73.1215,42.7611,30.1984,17.6599,4,2,2,0,6,0.0,0,0,0.0,0,41,45,39,0,41,45,39,0,0,0,0,15,0,0,0,0,0,0,0,0,0,0,0,0,0,15,0,0,0,0,0,0,0,0,0,0,0,0,0,0,0,0,NoBug
560c02dc92a77b07cd3fead1f073c16b948eb2be,com.thinkaurelius.titan.diskstorage.keycolumnvalue.inmemory.ColumnValueStore.convert(Lcom/thinkaurelius/titan/diskstorage/keycolumnvalue/Entry;)Lcom/thinkaurelius/titan/diskstorage/keycolumnvalue/CacheEntry;,0.0,0,0,0,0.0,0.0,0,0,125.549,52.0,27301.9,906.698,107,30,1516.77,525.037,91.8419,53.7087,57.1045,33.3944,3,1,1,1,3,0.0,0,0,0.0,0,17,17,13,1,17,17,13,0,0,0,0,0,0,0,0,0,0,0,0,0,0,0,0,0,0,0,0,0,0,0,0,0,0,0,0,0,0,0,0,0,0,0,NoBug
ed88d7286080492045efafb45a69fa4cb6eeb94d,com.thinkaurelius.titan.graphdb.query.SimpleAtomicQuery.getConstraints()Ljava/util/Map;,0.0,0,0,0,0.0,0.0,0,0,26.0,4.0,132.877,26.0396,10,10,7.38206,33.2193,130.096,76.0794,112.089,65.5494,1,0,0,0,0,0.0,0,0,0.0,0,4,4,1,0,4,4,1,0,0,0,0,0,0,0,0,0,0,0,0,0,0,0,0,0,0,0,0,0,0,0,0,0,0,0,0,0,0,0,0,0,0,0,NoBug
d39591ed87e4e2f0c854e1e9942af37cd070e2e5,com.thinkaurelius.titan.graphdb.relations.CacheProperty.getPropertyKeysDirect()Ljava/lang/Iterable;,1.0,1,4,1,1.0,1.0,11,11,166.858,40.7143,16543.7,649.266,78,37,919.096,406.337,99.9967,58.4776,68.9712,40.3341,4,2,2,0,6,0.0,0,0,0.0,0,11,11,10,0,11,11,10,0,0,0,0,4,0,0,4,0,0,0,0,0,0,0,0,0,0,0,0,0,0,0,0,0,0,0,0,0,0,0,0,0,0,0,NoBug
8e76984347ad0cc94af1cde0ecb9b018e79d526c,com.thinkaurelius.titan.diskstorage.log.kcvs.KCVSLogManager.close()V,0.0,0,0,0,0.0,0.0,0,0,30.5293,4.5,233.512,37.9204,15,11,12.9729,51.8915,123.932,72.4746,146.235,85.5175,2,1,1,2,0,0.444444,4,0,0.444444,4,5,10,3,0,5,10,3,0,0,0,0,2,0,0,1,0,0,0,0,0,1,0,0,0,0,0,0,0,0,0,0,0,0,0,0,0,0,0,0,0,0,0,NoBug
3247d28161a1c089cb463c208ae21c5129eee1af,com.thinkaurelius.titan.graphdb.types.vertices.TitanSchemaVertex.getDefinition()Lcom/thinkaurelius/titan/graphdb/types/TypeDefinitionMap;,0.0,0,0,0,0.0,0.0,0,0,119.658,10.0,3483.89,229.814,71,30,193.55,348.389,87.2669,51.0333,50.7078,29.6537,5,2,2,0,0,0.0,0,0,0.0,0,25,25,16,0,25,25,16,0,0,0,4,0,0,0,0,0,0,0,0,0,0,0,0,0,0,0,0,0,0,0,0,0,0,0,0,0,0,0,0,0,4,0,NoBug
ed88d7286080492045efafb45a69fa4cb6eeb94d,com.thinkaurelius.titan.graphdb.query.EmptyAtomicQuery.includeHidden()Lcom/thinkaurelius/titan/graphdb/query/AtomicQuery;,0.0,0,0,0,0.0,0.0,0,0,15.5098,3.0,58.9545,15.1476,7,7,3.27525,19.6515,132.826,77.6758,116.028,67.8525,1,0,0,0,0,0.0,0,0,0.0,0,4,4,1,0,4,4,1,0,0,0,0,0,0,0,0,0,0,0,0,0,0,0,0,0,0,0,0,0,0,0,0,0,0,0,0,0,0,0,0,0,0,0,NoBug
8844fb05759ae0d64a9afd5c53dee9dee3650d00,com.thinkaurelius.titan.graphdb.TitanGraphTest.testTypes()V,0.150198,2,12,6,0.2,0.227723,52,46,1762.23,73.2759,740177.0,8182.59,1269,249,41121.0,10101.2,33.3799,19.5204,-8.67326,0.0,16,1,1,0,40,0.0516432,11,0,0.0516432,11,202,260,163,0,202,260,163,0,15,0,13,62,0,15,0,0,0,0,1,0,0,15,0,20,0,41,0,0,0,0,0,0,0,0,0,0,0,0,9,0,4,0,NoBug
3247d28161a1c089cb463c208ae21c5129eee1af,com.thinkaurelius.titan.graphdb.database.StandardTitanGraph$145513#.retrieveSchemaRelations(LLBaseRelationType;LDirection;)LEntryList;,0.0,0,0,0,0.0,0.0,0,0,61.7486,5.0,870.825,91.1914,41,19,48.3792,174.165,101.185,59.1727,70.3804,41.1581,1,1,1,0,0,0.0,0,0,0.0,0,14,14,9,3,14,14,9,0,0,0,4,0,0,0,0,0,0,0,0,0,0,0,0,0,0,0,0,0,0,0,0,0,0,0,0,0,0,0,0,0,4,0,NoBug
cf981127bcf88a6f6b6c160104ce6e97c2c37554,com.thinkaurelius.titan.graphdb.transaction.StandardTitanTx.isVertexIndexProperty(Lcom/thinkaurelius/titan/core/TitanKey;)Z,0.0,0,0,0,0.0,0.0,0,0,56.1057,8.125,664.213,76.1269,20,17,36.9007,81.7493,130.073,76.0664,112.057,65.5306,1,0,0,2,1,0.0,0,0,0.0,0,3,3,1,1,3,3,1,0,0,0,0,0,0,0,0,0,0,0,0,0,0,0,0,0,0,0,0,0,0,0,0,0,0,0,0,0,0,0,0,0,0,0,NoBug
33a560db97bf3187ac45d1fe4fdf2e6b817bec40,com.thinkaurelius.titan.graphdb.types.StandardTypeMaker.makePropertyKey()Lcom/thinkaurelius/titan/core/TitanKey;,0.0,0,0,0,0.0,0.0,0,0,214.821,16.875,6936.29,363.707,74,47,385.35,411.04,100.397,58.7116,69.3449,40.5526,2,0,0,0,8,0.0,0,0,0.0,0,11,12,6,0,11,12,6,0,0,0,0,0,0,0,0,0,0,0,0,0,0,0,0,0,0,0,0,0,0,0,0,0,0,0,0,0,0,0,0,0,0,0,NoBug
ed88d7286080492045efafb45a69fa4cb6eeb94d,com.thinkaurelius.titan.graphdb.query.SimpleAtomicQuery.hasConstraints()Z,0.0,0,0,0,0.0,0.0,0,0,30.5293,4.5,171.242,30.8371,11,11,9.51344,38.0537,129.389,75.6662,111.07,64.9533,1,0,0,0,0,0.0,0,0,0.0,0,4,4,1,0,4,4,1,0,0,0,0,0,0,0,0,0,0,0,0,0,0,0,0,0,0,0,0,0,0,0,0,0,0,0,0,0,0,0,0,0,0,0,NoBug
ed88d7286080492045efafb45a69fa4cb6eeb94d,com.thinkaurelius.titan.graphdb.query.SimpleAtomicQuery.<init>(Lcom/thinkaurelius/titan/graphdb/query/SimpleAtomicQuery;)V,0.0,0,0,0,0.0,0.0,0,0,122.603,21.5625,10789.3,488.273,101,31,599.406,500.374,93.3042,54.5639,59.1123,34.5686,2,1,1,3,0,0.0,0,0,0.0,0,16,18,15,1,16,18,15,0,0,0,0,1,0,0,1,0,0,0,0,0,0,0,0,0,0,0,0,0,0,0,0,0,0,0,0,0,0,0,0,0,0,0,NoBug
ed88d7286080492045efafb45a69fa4cb6eeb94d,com.thinkaurelius.titan.graphdb.relations.LabeledTitanEdge.getProperties()Ljava/lang/Iterable;,0.0,0,0,0,0.0,0.0,0,0,53.303,7.0,437.572,57.6368,16,15,24.3095,62.5103,126.808,74.1569,107.347,62.7758,1,0,0,0,2,0.0,0,0,0.0,0,4,4,1,0,4,4,1,0,0,0,0,0,0,0,0,0,0,0,0,0,0,0,0,0,0,0,0,0,0,0,0,0,0,0,0,0,0,0,0,0,0,0,NoBug
ed88d7286080492045efafb45a69fa4cb6eeb94d,com.thinkaurelius.titan.graphdb.query.EmptyAtomicQuery.types([Lcom/thinkaurelius/titan/core/TitanType;)Lcom/thinkaurelius/titan/core/TitanQuery;,0.0,0,0,0,0.0,0.0,0,0,26.0,4.0,132.877,26.0396,10,10,7.38206,33.2193,130.096,76.0794,112.089,65.5494,1,0,0,0,0,0.0,0,0,0.0,0,4,4,1,1,4,4,1,0,0,0,0,0,0,0,0,0,0,0,0,0,0,0,0,0,0,0,0,0,0,0,0,0,0,0,0,0,0,0,0,0,0,0,NoBug
070f75a3a577d2703e77fac45710686dc1cd8a99,com.thinkaurelius.titan.graphdb.transaction.StandardTitanTx.addVertexWithLabel(Lcom/thinkaurelius/titan/core/VertexLabel;)Lcom/thinkaurelius/titan/core/TitanVertex;,0.0,0,0,0,0.0,0.0,0,0,28.7549,5.33333,221.404,36.5979,12,11,12.3002,41.5132,128.937,75.4016,110.417,64.5716,1,0,0,2,1,0.0,0,0,0.0,0,4,4,1,1,4,4,1,0,0,0,0,0,0,0,0,0,0,0,0,0,0,0,0,0,0,0,0,0,0,0,0,0,0,0,0,0,0,0,0,0,0,0,NoBug
d39591ed87e4e2f0c854e1e9942af37cd070e2e5,com.thinkaurelius.titan.graphdb.relations.StandardEdge.setPreviousID(J)V,0.0,0,0,0,0.0,0.0,0,0,44.8289,8.0,750.123,82.5572,24,15,41.6735,93.7654,118.131,69.0827,94.8285,55.4553,1,0,0,1,0,0.0,0,0,0.0,0,6,6,3,1,6,6,3,0,0,0,0,0,0,0,0,0,0,0,0,0,0,0,0,0,0,0,0,0,0,0,0,0,0,0,0,0,0,0,0,0,0,0,NoBug
442f468a5b0c962b5c087baa682302976a08cbb8,com.thinkaurelius.titan.diskstorage.Backend.initialize(LConfiguration;)V,0.0,0,0,0,0.0,0.0,0,0,461.238,43.5556,62812.0,1580.14,225,85,3489.56,1442.11,73.0529,42.721,58.2411,34.0591,9,3,2,1,14,0.142857,6,5,0.109091,6,36,42,25,1,49,56,31,0,0,0,1,1,0,0,0,0,0,0,0,0,1,0,0,0,0,0,0,0,0,0,0,0,0,0,0,0,0,0,0,1,0,0,NoBug
0d269e350f01e145b0eec0157b9c45274b2023f7,com.thinkaurelius.titan.graphdb.tinkerpop.TitanFeatures$TitanEdgeFeatures.supportsCustomIds()Z,0.0,0,0,0,0.0,0.0,0,0,13.6096,2.5,49.1287,13.414,7,7,2.72937,19.6515,129.211,75.5618,110.813,64.8027,1,0,0,0,0,0.0,0,0,0.0,0,5,5,1,0,5,5,1,0,0,0,0,0,0,0,0,0,0,0,0,0,0,0,0,0,0,0,0,0,0,0,0,0,0,0,0,0,0,0,0,0,0,0,NoBug
814a5107c5858ef3d4411610feaed4cf74237eb5,com.thinkaurelius.titan.graphdb.transaction.StandardTitanTx.connectRelation(Lcom/thinkaurelius/titan/graphdb/internal/InternalRelation;)V,0.0,0,0,0,0.0,0.0,0,0,185.26,39.5455,19703.6,729.509,93,41,1094.65,498.252,101.957,59.6241,71.9014,42.0476,5,2,2,2,8,0.0,0,0,0.0,0,9,9,13,1,9,9,13,0,0,0,0,5,0,0,5,0,0,0,0,0,0,0,0,0,0,0,0,0,0,0,0,0,0,0,0,0,0,0,0,0,0,0,NoBug
ed88d7286080492045efafb45a69fa4cb6eeb94d,com.thinkaurelius.titan.graphdb.relations.SimpleProperty.<init>(Lcom/thinkaurelius/titan/core/TitanKey;Lcom/thinkaurelius/titan/graphdb/vertices/InternalTitanVertex;Ljava/lang/Object;)V,0.0,0,0,0,0.0,0.0,0,0,58.5293,13.0,1897.32,153.259,35,18,105.406,145.947,113.333,66.2768,87.9065,51.4073,1,0,0,4,2,0.0,0,0,0.0,0,7,7,5,3,7,7,5,0,0,0,0,1,0,0,0,0,0,0,0,0,1,0,0,0,0,0,0,0,0,0,0,0,0,0,0,0,0,0,0,0,0,0,NoBug
ed88d7286080492045efafb45a69fa4cb6eeb94d,com.thinkaurelius.titan.graphdb.query.EmptyAtomicQuery.getConstraints()Ljava/util/Map;,0.0,0,0,0,0.0,0.0,0,0,43.0195,6.0,288.634,43.6749,13,13,16.0352,48.1057,128.17,74.9534,109.312,63.925,1,0,0,0,0,0.0,0,0,0.0,0,4,4,1,0,4,4,1,0,0,0,0,0,0,0,0,0,0,0,0,0,0,0,0,0,0,0,0,0,0,0,0,0,0,0,0,0,0,0,0,0,0,0,NoBug
ed88d7286080492045efafb45a69fa4cb6eeb94d,com.thinkaurelius.titan.graphdb.query.ComplexTitanQuery.interval(Ljava/lang/String;Ljava/lang/Comparable;Ljava/lang/Comparable;)Lcom/thinkaurelius/titan/core/TitanQuery;,0.0,0,0,0,0.0,0.0,0,0,126.637,22.0,5449.62,309.678,50,31,302.756,247.71,112.85,65.994,87.3106,51.0588,2,1,1,0,1,0.0,0,0,0.0,0,6,6,5,3,6,6,5,0,0,0,0,1,0,0,1,0,0,0,0,0,0,0,0,0,0,0,0,0,0,0,0,0,0,0,0,0,0,0,0,0,0,0,NoBug
9a49faa3669fc2c03e458c7999ecf095e0b0725d,com.thinkaurelius.titan.diskstorage.IDAuthorityTest.testSimpleIDAcquisition()V,0.0,0,0,0,0.0,0.0,0,0,179.101,11.5,4004.77,252.185,65,41,222.487,348.241,93.7469,54.8227,59.9546,35.0612,4,3,3,0,0,0.0,0,0,0.0,0,17,17,14,0,17,17,14,0,0,0,6,3,0,0,2,0,0,0,0,0,0,0,0,0,0,1,0,0,0,0,0,0,0,0,0,0,0,0,0,0,6,0,NoBug
ed88d7286080492045efafb45a69fa4cb6eeb94d,com.thinkaurelius.titan.graphdb.query.EmptyAtomicQuery.queryRelationships()Z,0.0,0,0,0,0.0,0.0,0,0,13.6096,2.5,49.1287,13.414,7,7,2.72937,19.6515,132.826,77.6758,116.028,67.8525,1,0,0,0,0,0.0,0,0,0.0,0,4,4,1,0,4,4,1,0,0,0,0,0,0,0,0,0,0,0,0,0,0,0,0,0,0,0,0,0,0,0,0,0,0,0,0,0,0,0,0,0,0,0,NoBug
2dc20d0abb5b6bd1fa67c4ee5fd0361345a9b2e7,com.thinkaurelius.titan.diskstorage.es.ElasticSearchIndexTest.testConfigurationFile()V,0.0,0,0,0,0.0,0.0,0,0,131.327,5.0,2150.0,166.581,86,32,119.444,430.0,89.1634,52.1424,74.6593,43.6604,1,0,0,0,0,0.0833333,2,0,0.0833333,2,22,27,19,0,22,27,19,0,0,0,4,3,0,0,0,0,0,0,0,0,0,0,0,0,0,3,0,0,0,0,0,0,0,0,0,0,0,0,0,0,4,0,NoBug
442f468a5b0c962b5c087baa682302976a08cbb8,com.thinkaurelius.titan.diskstorage.Backend.getIndexes(LConfiguration;)LMap;,0.0,0,0,0,0.0,0.0,0,0,156.711,22.0,10773.1,487.785,94,37,598.508,489.689,93.4165,54.6295,59.2743,34.6633,2,1,1,1,3,0.0,0,0,0.0,0,16,16,11,1,16,16,11,0,0,0,0,5,0,0,0,0,0,0,0,0,0,0,0,5,0,0,0,0,0,0,0,0,0,0,0,0,0,0,0,0,0,0,NoBug
ed88d7286080492045efafb45a69fa4cb6eeb94d,com.thinkaurelius.titan.graphdb.query.SimpleAtomicQuery.<init>(Lcom/thinkaurelius/titan/graphdb/vertices/InternalTitanVertex;)V,0.0,0,0,0,0.0,0.0,0,0,54.6292,12.0,1520.54,132.23,31,17,84.4742,126.711,116.336,68.0325,92.3395,53.9997,2,1,1,4,4,0.0,0,0,0.0,0,6,8,5,1,6,8,5,0,0,0,0,1,0,0,1,0,0,0,0,0,0,0,0,0,0,0,0,0,0,0,0,0,0,0,0,0,0,0,0,0,0,0,NoBug
ed88d7286080492045efafb45a69fa4cb6eeb94d,com.thinkaurelius.titan.graphdb.query.EmptyAtomicQuery.relationIterator()Ljava/util/Iterator;,0.0,0,0,0,0.0,0.0,0,0,24.0,4.0,114.117,23.5271,9,9,6.33985,28.5293,130.887,76.5422,113.231,66.2171,1,0,0,0,0,0.0,0,0,0.0,0,4,4,1,0,4,4,1,0,0,0,0,0,0,0,0,0,0,0,0,0,0,0,0,0,0,0,0,0,0,0,0,0,0,0,0,0,0,0,0,0,0,0,NoBug
ed88d7286080492045efafb45a69fa4cb6eeb94d,com.thinkaurelius.titan.graphdb.query.EmptyAtomicQuery.has(Ljava/lang/String;Ljava/lang/Object;)Lcom/thinkaurelius/titan/core/TitanQuery;,0.0,0,0,0,0.0,0.0,0,0,28.7549,4.0,152.215,28.5083,11,11,8.45639,38.0537,129.389,75.6662,111.07,64.9533,1,0,0,0,0,0.0,0,0,0.0,0,4,4,1,2,4,4,1,0,0,0,0,0,0,0,0,0,0,0,0,0,0,0,0,0,0,0,0,0,0,0,0,0,0,0,0,0,0,0,0,0,0,0,NoBug
560c02dc92a77b07cd3fead1f073c16b948eb2be,com.thinkaurelius.titan.diskstorage.keycolumnvalue.inmemory.InMemoryKeyColumnValueStore$1.next()Ljava/nio/ByteBuffer;,1.0,1,1,1,1.0,1.0,4,4,40.0537,5.5,305.286,45.339,15,13,16.9604,55.5066,127.426,74.5183,108.238,63.2972,1,0,0,0,0,0.0,0,0,0.0,0,4,4,1,0,4,4,1,0,0,0,0,0,0,0,0,0,0,0,0,0,0,0,0,0,0,0,0,0,0,0,0,0,0,0,0,0,0,0,0,0,0,0,NoBug
4d4700f2228f768450954df98aa8af68df125e2f,com.thinkaurelius.titan.graphdb.TitanIndexTest.testGraphOfTheGods()V,0.0,0,0,0,0.0,0.0,0,0,11.6096,2.5,45.2368,12.6958,7,6,2.51316,18.0947,129.64,75.8128,154.369,90.274,1,0,0,0,0,0.444444,4,4,0.444444,4,5,5,2,0,5,5,2,0,0,0,0,0,0,0,0,0,0,0,0,0,0,0,0,0,0,0,0,0,0,0,0,0,0,0,0,0,0,0,0,0,0,0,NoBug
ed88d7286080492045efafb45a69fa4cb6eeb94d,com.thinkaurelius.titan.graphdb.query.ComplexTitanQuery.titanEdges()Ljava/lang/Iterable;,0.0,0,0,0,0.0,0.0,0,0,45.0195,6.0,365.506,51.1207,16,14,20.3059,60.9177,126.943,74.2354,107.54,62.8891,1,0,0,0,2,0.0,0,0,0.0,0,4,4,1,0,4,4,1,0,0,0,0,0,0,0,0,0,0,0,0,0,0,0,0,0,0,0,0,0,0,0,0,0,0,0,0,0,0,0,0,0,0,0,NoBug
0a02b5352020cdf5518610bd54c004399c5308f3,com.thinkaurelius.titan.diskstorage.util.OrderedKeyValueStoreAdapter$KeyColumnSliceSelector.<init>(Ljava/nio/ByteBuffer;I)V,0.0,0,0,0,0.0,0.0,0,0,52.8708,7.85714,899.242,93.1646,28,17,49.9579,114.449,120.048,70.2038,97.5943,57.0727,1,0,0,2,0,0.0,0,0,0.0,0,5,5,3,2,5,5,3,0,0,0,0,0,0,0,0,0,0,0,0,0,0,0,0,0,0,0,0,0,0,0,0,0,0,0,0,0,0,0,0,0,0,0,NoBug
ed88d7286080492045efafb45a69fa4cb6eeb94d,com.thinkaurelius.titan.graphdb.vertices.AbstractTitanVertex.getVertices(LDirection;[LString;)LIterable;,0.0,0,0,0,0.0,0.0,0,0,68.7549,13.3333,1415.98,126.097,25,19,78.6653,106.198,124.052,72.5453,103.371,60.4508,1,0,0,0,2,0.0,0,0,0.0,0,4,4,1,2,4,4,1,0,0,0,0,0,0,0,0,0,0,0,0,0,0,0,0,0,0,0,0,0,0,0,0,0,0,0,0,0,0,0,0,0,0,0,NoBug
c312bb7dd7c42a6bd662cc4e953b4abcb2af66bb,com.thinkaurelius.titan.graphdb.configuration.GraphDatabaseConfiguration.getConfiguration(LFile;)LConfiguration;,0.0,0,0,0,0.0,0.0,0,0,356.311,58.08,80535.8,1864.92,227,69,4474.21,1386.64,69.7459,40.7871,67.9742,39.751,7,4,4,2,1,0.425,34,29,0.395349,34,46,62,30,1,52,68,33,0,0,0,0,4,0,0,2,0,0,0,0,0,2,0,0,0,0,0,0,0,0,0,0,0,0,0,0,0,0,0,0,0,0,0,NoBug
ed88d7286080492045efafb45a69fa4cb6eeb94d,com.thinkaurelius.titan.graphdb.loadingstatus.DefaultLoadingStatus.loadedEdges(Lcom/thinkaurelius/titan/graphdb/query/AtomicQuery;)Lcom/thinkaurelius/titan/graphdb/loadingstatus/LoadingStatus;,0.0,0,0,0,0.0,0.0,0,0,83.0587,15.75,2177.32,167.989,31,22,120.962,138.242,111.222,65.0422,84.9625,49.6857,2,1,1,0,2,0.0,0,0,0.0,0,8,8,5,1,8,8,5,0,0,0,0,2,0,0,1,0,0,0,0,0,1,0,0,0,0,0,0,0,0,0,0,0,0,0,0,0,0,0,0,0,0,0,NoBug
ed88d7286080492045efafb45a69fa4cb6eeb94d,com.thinkaurelius.titan.graphdb.vertices.AbstractTitanVertex.getEdges(LDirection;[LString;)LIterable;,0.0,0,0,0,0.0,0.0,0,0,68.7549,13.3333,1415.98,126.097,25,19,78.6653,106.198,124.052,72.5453,103.371,60.4508,1,0,0,0,2,0.0,0,0,0.0,0,4,4,1,2,4,4,1,0,0,0,0,0,0,0,0,0,0,0,0,0,0,0,0,0,0,0,0,0,0,0,0,0,0,0,0,0,0,0,0,0,0,0,NoBug
7130ed23b24f93a9fa5a82b81e58529abeb3d6bd,com.thinkaurelius.titan.graphdb.database.StandardTitanGraph.shutdown()V,0.0,0,0,0,0.0,0.0,0,0,214.571,21.5769,9296.16,442.115,78,46,516.453,430.838,92.8701,54.31,82.6743,48.3475,3,1,1,5,8,0.105263,2,0,0.105263,2,17,21,12,0,17,21,12,0,0,0,0,3,0,0,2,0,0,0,0,0,1,0,0,0,0,0,0,0,0,0,0,0,0,0,0,0,0,0,0,0,0,0,NoBug
ed88d7286080492045efafb45a69fa4cb6eeb94d,com.thinkaurelius.titan.graphdb.TitanGraphTest.testQuery()V,0.315789,1,4,2,0.2,0.222222,20,20,2705.1,46.4408,546975.0,6688.24,1395,348,30387.5,11777.9,47.2884,27.654,4.76,2.78362,9,3,2,0,32,0.0217391,2,0,0.0217391,2,90,100,99,0,90,100,99,0,0,0,3,90,0,0,4,0,0,0,0,0,0,0,0,38,0,48,0,0,0,0,0,0,0,0,0,0,0,0,2,0,1,0,NoBug
ed88d7286080492045efafb45a69fa4cb6eeb94d,com.thinkaurelius.titan.graphdb.transaction.StandardPersistTitanTx.loadRelations(Lcom/thinkaurelius/titan/graphdb/query/AtomicQuery;)V,0.0,0,0,0,0.0,0.0,0,0,33.2842,6.0,279.627,42.7615,13,12,15.5348,46.6045,128.335,75.0498,154.006,90.0621,1,0,0,0,1,0.5,4,4,0.5,4,4,4,1,1,4,4,1,0,0,0,0,0,0,0,0,0,0,0,0,0,0,0,0,0,0,0,0,0,0,0,0,0,0,0,0,0,0,0,0,0,0,0,NoBug
0a02b5352020cdf5518610bd54c004399c5308f3,com.thinkaurelius.titan.diskstorage.util.KeyValueStoreAdapter.concatenatePrefix(Ljava/nio/ByteBuffer;Ljava/nio/ByteBuffer;)Ljava/nio/ByteBuffer;,0.0,0,0,0,0.0,0.0,0,0,27.6515,5.25,272.43,42.0246,15,11,15.135,51.8915,132.437,77.4485,115.467,67.5246,1,0,0,2,1,0.0,0,0,0.0,0,3,3,1,2,3,3,1,0,0,0,0,0,0,0,0,0,0,0,0,0,0,0,0,0,0,0,0,0,0,0,0,0,0,0,0,0,0,0,0,0,0,0,NoBug
9258a9dd339b1bf7a4039cf3d7e44807ce3e5a5f,com.thinkaurelius.titan.graphdb.berkeleyje.BerkeleyGraphTest.testGraphOfTheGodsFactoryCreate()V,0.0,0,0,0,0.0,0.0,0,0,27.1194,3.0,186.809,32.6788,18,11,10.3783,62.2698,120.26,70.3274,136.892,80.0536,1,0,0,0,0,0.333333,3,3,0.333333,3,6,6,3,0,6,6,3,0,0,0,3,0,0,0,0,0,0,0,0,0,0,0,0,0,0,1,0,0,0,0,0,0,0,0,0,0,0,0,0,0,2,0,NoBug
442f468a5b0c962b5c087baa682302976a08cbb8,com.thinkaurelius.titan.diskstorage.Backend.getLocker(Ljava/lang/String;)Lcom/thinkaurelius/titan/diskstorage/locking/Locker;,0.0,0,0,0,0.0,0.0,0,0,82.6034,18.75,4325.66,265.482,51,23,240.314,230.702,101.761,59.5092,71.4142,41.7627,3,2,2,1,0,0.0,0,0,0.0,0,12,16,8,1,12,16,8,0,0,0,0,0,0,0,0,0,0,0,0,0,0,0,0,0,0,0,0,0,0,0,0,0,0,0,0,0,0,0,0,0,0,0,NoBug
7720850da32092290f6ee0e375eb22cb367a3310,com.thinkaurelius.faunus.mapreduce.filter.PropertyFilterMap$Map.setup(LMapper.Context;)V,0.0,0,0,0,0.0,0.0,0,0,439.883,51.6892,86097.6,1949.82,262,82,4783.2,1665.68,75.1163,43.9276,33.8909,19.8192,12,5,2,0,1,0.0,0,0,0.0,0,29,31,28,1,29,31,28,0,3,0,0,0,0,0,0,0,0,0,0,0,3,0,0,0,0,0,0,0,0,0,0,0,0,0,0,0,0,0,0,0,0,0,NoBug
43619ac420e8393b939f823bd63b99020c75e1f4,com.thinkaurelius.titan.graphdb.database.StandardTitanGraph.getEntry(Lcom/thinkaurelius/titan/graphdb/transaction/InternalTitanTransaction;Lcom/thinkaurelius/titan/graphdb/relations/InternalRelation;Lcom/thinkaurelius/titan/graphdb/vertices/InternalTitanVertex;Ljava/util/Map;Z)Lcom/thinkaurelius/titan/diskstorage/keycolumnvalue/Entry;,0.0,0,0,0,0.0,0.0,0,0,753.743,159.239,707684.0,7941.32,638,125,39315.8,4444.17,51.0733,29.8674,14.6527,8.56881,22,4,4,3,33,0.0357143,3,0,0.0357143,3,81,94,70,5,81,94,70,0,0,0,0,4,0,0,3,0,0,0,1,0,0,0,0,0,0,0,0,0,0,0,0,0,0,0,0,0,0,0,0,0,0,0,NoBug
ed88d7286080492045efafb45a69fa4cb6eeb94d,com.thinkaurelius.titan.graphdb.transaction.StandardPersistTitanTx.getRawNeighborhood(LAtomicQuery;)LAbstractLongList;,0.0,0,0,0,0.0,0.0,0,0,37.9742,6.66667,345.374,49.2259,14,13,19.1875,51.8062,127.785,74.7281,108.756,63.5998,1,0,0,0,1,0.0,0,0,0.0,0,4,4,1,1,4,4,1,0,0,0,0,0,0,0,0,0,0,0,0,0,0,0,0,0,0,0,0,0,0,0,0,0,0,0,0,0,0,0,0,0,0,0,NoBug
ed88d7286080492045efafb45a69fa4cb6eeb94d,com.thinkaurelius.titan.graphdb.blueprints.BlueprintsDefaultTypeMaker.ignoreUndefinedQueryTypes()Z,0.0,0,0,0,0.0,0.0,0,0,13.6096,2.5,49.1287,13.414,7,7,2.72937,19.6515,132.826,77.6758,116.028,67.8525,1,0,0,0,0,0.0,0,0,0.0,0,4,4,1,0,4,4,1,0,0,0,0,0,0,0,0,0,0,0,0,0,0,0,0,0,0,0,0,0,0,0,0,0,0,0,0,0,0,0,0,0,0,0,NoBug
26bbee89f169c89334baf92b54894fa17230d5d4,com.thinkaurelius.titan.graphdb.database.StandardTitanGraph.loadRelations(Ljava/lang/Iterable;Lcom/thinkaurelius/titan/graphdb/database/VertexRelationLoader;Lcom/thinkaurelius/titan/graphdb/transaction/InternalTitanTransaction;)V,0.0,0,0,0,0.0,0.0,0,0,731.328,126.767,398002.0,5410.74,453,122,22111.2,3139.62,57.6416,33.7085,27.8706,16.2986,19,3,3,1,29,0.0597015,4,0,0.0597015,4,63,78,56,3,63,78,56,0,0,0,0,10,0,0,10,0,0,0,0,0,0,0,0,0,0,0,0,0,0,0,0,0,0,0,0,0,0,0,0,0,0,0,NoBug
814a5107c5858ef3d4411610feaed4cf74237eb5,com.thinkaurelius.titan.graphdb.database.StandardTitanGraph$2.call()Ljava/lang/Boolean;,0.0,0,0,0,0.0,0.0,0,0,520.878,99.0909,250117.0,3969.74,386,93,13895.4,2524.12,58.9062,34.4481,38.3556,22.4302,28,4,4,0,22,0.126984,8,0,0.126984,8,55,70,46,0,55,70,46,0,0,0,1,14,0,2,12,0,0,0,0,0,0,0,0,0,0,0,0,0,0,0,0,0,0,0,0,0,0,0,0,1,0,0,NoBug
ed88d7286080492045efafb45a69fa4cb6eeb94d,com.thinkaurelius.titan.graphdb.vertices.VertexUtil$1.apply(Lcom/thinkaurelius/titan/graphdb/relations/InternalRelation;)Z,0.0,0,0,0,0.0,0.0,0,0,590.131,73.0256,159670.0,2943.17,327,103,8870.53,2186.49,63.2383,36.9814,17.7727,10.3934,22,5,5,0,17,0.0,0,0,0.0,0,48,51,46,1,48,51,46,0,0,0,0,17,0,0,16,0,0,0,0,0,1,0,0,0,0,0,0,0,0,0,0,0,0,0,0,0,0,0,0,0,0,0,NoBug
33a560db97bf3187ac45d1fe4fdf2e6b817bec40,com.thinkaurelius.titan.graphdb.database.serialize.attribute.FloatSerializer.withinRange(Ljava/lang/Float;)Z,0.0,0,0,0,0.0,0.0,0,0,56.1057,9.75,876.761,91.6053,22,17,48.7089,89.9242,129.348,75.642,111.112,64.978,2,0,0,2,0,0.0,0,0,0.0,0,3,3,1,1,3,3,1,0,0,0,0,0,0,0,0,0,0,0,0,0,0,0,0,0,0,0,0,0,0,0,0,0,0,0,0,0,0,0,0,0,0,0,NoBug
ed88d7286080492045efafb45a69fa4cb6eeb94d,com.thinkaurelius.titan.graphdb.query.SimpleAtomicQuery.types([Lcom/thinkaurelius/titan/core/TitanType;)Lcom/thinkaurelius/titan/core/TitanQuery;,0.0,0,0,0,0.0,0.0,0,0,42.8086,5.5,293.166,44.1309,14,14,16.287,53.303,127.637,74.6414,108.542,63.4749,1,0,0,0,0,0.0,0,0,0.0,0,4,4,1,1,4,4,1,0,0,0,0,0,0,0,0,0,0,0,0,0,0,0,0,0,0,0,0,0,0,0,0,0,0,0,0,0,0,0,0,0,0,0,NoBug
bc1e73742882df152df3fc4e41ab3a90754e1292,com.thinkaurelius.titan.graphdb.TitanGraphTest.testCreateDelete()V,0.0,0,0,0,0.0,0.0,0,0,275.589,32.2222,32703.1,1022.65,174,57,1816.84,1014.92,83.2882,48.7065,59.8057,34.9741,1,0,0,0,17,0.04,1,1,0.04,1,24,29,22,0,24,29,22,0,0,0,2,7,0,0,0,0,0,0,1,0,0,0,0,1,0,5,0,0,0,0,0,0,0,0,0,0,0,0,1,0,1,0,NoBug
ed88d7286080492045efafb45a69fa4cb6eeb94d,com.thinkaurelius.titan.graphdb.query.SimpleAtomicQuery.interval(Ljava/lang/String;Ljava/lang/Comparable;Ljava/lang/Comparable;)Lcom/thinkaurelius/titan/graphdb/query/AtomicQuery;,0.0,0,0,0,0.0,0.0,0,0,110.439,16.25,3124.78,213.737,40,28,173.599,192.294,114.167,66.7641,89.2103,52.1698,2,1,1,0,2,0.0,0,0,0.0,0,6,6,4,3,6,6,4,0,0,0,0,1,0,0,1,0,0,0,0,0,0,0,0,0,0,0,0,0,0,0,0,0,0,0,0,0,0,0,0,0,0,0,NoBug
2dc20d0abb5b6bd1fa67c4ee5fd0361345a9b2e7,com.thinkaurelius.titan.diskstorage.es.ElasticSearchIndex.getNode()LNode;,0.0,0,0,0,0.0,0.0,0,0,6.75489,1.5,17.4145,6.71852,5,5,0.96747,11.6096,140.223,82.0017,171.157,100.092,1,0,0,0,0,0.5,3,3,0.5,3,3,3,1,0,3,3,1,0,0,0,0,1,0,0,0,0,0,0,1,0,0,0,0,0,0,0,0,0,0,0,0,0,0,0,0,0,0,0,0,0,0,0,NoBug
55d73740c60812fa57864c07f01e08b09a4504f4,com.thinkaurelius.titan.graphdb.database.IndexSerializer.newPropertyKey(Lcom/thinkaurelius/titan/core/TitanKey;Lcom/thinkaurelius/titan/diskstorage/BackendTransaction;)V,0.0,0,0,0,0.0,0.0,0,0,149.316,28.75,14009.4,581.137,95,35,778.297,487.282,100.366,58.6936,103.475,60.512,5,2,2,1,6,0.230769,3,3,0.230769,3,10,10,6,2,10,10,6,0,2,0,0,4,0,0,4,0,0,0,0,0,2,0,0,0,0,0,0,0,0,0,0,0,0,0,0,0,0,0,0,0,0,0,NoBug
ed88d7286080492045efafb45a69fa4cb6eeb94d,com.thinkaurelius.titan.graphdb.query.EmptyAtomicQuery.onlyModifiable()Lcom/thinkaurelius/titan/core/TitanQuery;,0.0,0,0,0,0.0,0.0,0,0,15.5098,3.0,58.9545,15.1476,7,7,3.27525,19.6515,132.826,77.6758,116.028,67.8525,1,0,0,0,0,0.0,0,0,0.0,0,4,4,1,0,4,4,1,0,0,0,0,0,0,0,0,0,0,0,0,0,0,0,0,0,0,0,0,0,0,0,0,0,0,0,0,0,0,0,0,0,0,0,NoBug
5f562761e6d8d9dcb35d8c0eeacef91f0bfe74da,com.thinkaurelius.titan.diskstorage.lucene.LuceneIndex.mutate(Ljava/util/Map;Lcom/thinkaurelius/titan/diskstorage/indexing/KeyInformation$IndexRetriever;Lcom/thinkaurelius/titan/diskstorage/BaseTransaction;)V,0.0,0,0,0,0.0,0.0,0,0,134.039,12.0,2760.0,196.761,46,32,153.333,230.0,98.1616,57.4044,66.2218,38.7262,3,2,2,0,0,0.0,0,0,0.0,0,15,15,8,3,15,15,8,0,0,0,2,0,0,0,0,0,0,0,0,0,1,0,0,0,0,0,0,0,0,0,0,0,0,0,0,0,0,0,0,0,1,0,NoBug
627201ea7c20d1f72ab1d548ad5ec11041da09ee,com.thinkaurelius.titan.pkgtest.GremlinShellArgsIT.testScriptFileArgument()V,0.0,0,0,0,0.0,0.0,0,0,26.0,4.0,132.877,26.0396,10,10,7.38206,33.2193,130.096,76.0794,112.089,65.5494,1,0,0,0,1,0.0,0,0,0.0,0,4,4,1,0,4,4,1,0,0,0,2,0,0,0,0,0,0,0,0,0,0,0,0,0,0,1,0,0,0,0,0,0,0,0,0,0,0,0,0,1,0,0,NoBug
33a560db97bf3187ac45d1fe4fdf2e6b817bec40,com.thinkaurelius.titan.graphdb.database.serialize.attribute.FloatSerializer.writeObjectData(Lcom/thinkaurelius/titan/graphdb/database/serialize/DataOutput;Ljava/lang/Float;)V,0.0,0,0,0,0.0,0.0,0,0,120.768,21.0,5976.59,329.333,58,30,332.033,284.6,109.631,64.1115,82.6663,48.3429,2,0,0,0,2,0.0,0,0,0.0,0,7,7,4,2,7,7,4,0,0,0,0,4,0,0,0,0,0,0,1,0,3,0,0,0,0,0,0,0,0,0,0,0,0,0,0,0,0,0,0,0,0,0,NoBug
ed88d7286080492045efafb45a69fa4cb6eeb94d,com.thinkaurelius.titan.util.interval.DoesNotExist.startInclusive()Z,0.0,0,0,0,0.0,0.0,0,0,13.6096,2.5,49.1287,13.414,7,7,2.72937,19.6515,132.826,77.6758,116.028,67.8525,1,0,0,0,0,0.0,0,0,0.0,0,4,4,1,0,4,4,1,0,0,0,0,0,0,0,0,0,0,0,0,0,0,0,0,0,0,0,0,0,0,0,0,0,0,0,0,0,0,0,0,0,0,0,NoBug
7720850da32092290f6ee0e375eb22cb367a3310,com.thinkaurelius.faunus.FaunusPipeline.hasNot(LString;LCompare;[LObject;)LFaunusPipeline;,0.0,0,0,0,0.0,0.0,0,0,56.1057,11.375,1069.38,104.574,23,17,59.4101,94.0117,129.347,75.6413,159.459,93.2508,1,0,0,0,1,0.727273,8,8,0.727273,8,3,3,1,3,3,3,1,0,0,0,0,0,0,0,0,0,0,0,0,0,0,0,0,0,0,0,0,0,0,0,0,0,0,0,0,0,0,0,0,0,0,0,NoBug
376bad20b40a842876fbda80efd2583266c88cfe,com.thinkaurelius.titan.graphdb.TitanGraphTest.testThreadBoundTx()V,0.0,0,0,0,0.0,0.0,0,0,1110.94,38.72,161621.0,2967.1,564,169,8978.95,4174.1,56.3598,32.9589,22.8916,13.3869,4,1,1,0,17,0.0493827,4,4,0.0493827,4,77,90,71,0,77,90,71,0,0,0,2,35,0,0,0,0,0,0,0,0,0,0,0,9,0,26,0,0,0,0,0,0,0,0,0,0,0,0,2,0,0,0,NoBug
33a560db97bf3187ac45d1fe4fdf2e6b817bec40,com.thinkaurelius.titan.TestBed.main([Ljava/lang/String;)V,0.0,0,0,0,0.0,0.0,0,0,657.84,50.2593,139168.0,2685.5,406,113,7731.53,2768.99,68.9337,40.3121,46.3365,27.0974,3,1,1,0,0,0.0888889,4,4,0.0769231,4,41,53,38,1,48,60,41,0,2,0,1,14,0,0,0,0,0,0,0,0,1,0,0,0,2,0,0,13,0,0,0,0,0,0,0,0,0,0,0,1,0,0,NoBug
3247d28161a1c089cb463c208ae21c5129eee1af,com.thinkaurelius.titan.graphdb.database.cache.StandardSchemaCache.getSchemaId(Ljava/lang/String;)Ljava/lang/Long;,0.0,0,0,0,0.0,0.0,0,0,97.2193,8.0,2406.63,179.586,64,26,133.701,300.828,85.7343,50.137,80.6358,47.1554,7,4,4,0,0,0.2,7,0,0.2,7,28,32,17,1,28,32,17,0,0,0,2,1,0,0,0,0,0,0,0,0,1,0,0,0,0,0,0,0,0,0,0,0,0,0,0,0,0,0,0,0,2,0,NoBug
5f904d746f517fc714368c0258df4fd545e3829f,com.thinkaurelius.titan.graphdb.query.SimpleVertexQueryProcessor.getBasicIterator()Ljava/util/Iterator;,0.0,0,0,0,0.0,0.0,0,0,63.3582,7.5,750.586,82.5912,24,18,41.6992,100.078,124.361,72.7258,103.816,60.7112,1,0,0,2,1,0.0,0,0,0.0,0,4,4,1,0,8,8,2,0,0,0,0,1,0,0,0,0,0,0,0,0,1,0,0,0,0,0,0,0,0,0,0,0,0,0,0,0,0,0,0,0,0,0,NoBug
d39591ed87e4e2f0c854e1e9942af37cd070e2e5,com.thinkaurelius.titan.graphdb.relations.StandardEdge.setPropertyDirect(Lcom/thinkaurelius/titan/core/TitanType;Ljava/lang/Object;)V,1.0,1,4,1,1.0,1.0,15,15,146.211,24.375,8432.47,414.289,68,34,468.471,345.947,95.8089,56.0286,62.9294,36.8008,4,3,3,0,3,0.0,0,0,0.0,0,15,15,7,2,15,15,7,0,0,0,0,0,0,0,0,0,0,0,0,0,0,0,0,0,0,0,0,0,0,0,0,0,0,0,0,0,0,0,0,0,0,0,NoBug
3247d28161a1c089cb463c208ae21c5129eee1af,com.thinkaurelius.titan.graphdb.transaction.StandardTransactionBuilder.customOption(Ljava/lang/String;Ljava/lang/Object;)Lcom/thinkaurelius/titan/core/TransactionBuilder;,0.0,0,0,0,0.0,0.0,0,0,70.213,7.5,777.947,84.5863,24,20,43.2193,103.726,114.879,67.1808,90.2383,52.771,2,1,1,0,0,0.0,0,0,0.0,0,7,7,4,2,7,7,4,0,0,0,0,2,0,0,2,0,0,0,0,0,0,0,0,0,0,0,0,0,0,0,0,0,0,0,0,0,0,0,0,0,0,0,NoBug
b55f4f332ee7c5c47295db46ffac2d2355968f79,com.thinkaurelius.titan.graphdb.transaction.AbstractTitanTx.getVertices(Lcom/thinkaurelius/titan/core/TitanKey;Ljava/lang/Object;)Ljava/lang/Iterable;,0.0,0,0,0,0.0,0.0,0,0,334.794,62.9474,70132.1,1700.64,185,65,3896.23,1114.14,77.8083,45.5019,56.1499,32.8362,7,3,3,1,9,0.0625,2,0,0.0625,2,30,33,22,2,30,33,22,0,0,0,0,3,0,0,0,0,0,0,0,0,2,0,0,0,0,0,1,0,0,0,0,0,0,0,0,0,0,0,0,0,0,0,NoBug
ed88d7286080492045efafb45a69fa4cb6eeb94d,com.thinkaurelius.titan.graphdb.query.QueryUtil.queryHiddenFunctionalProperty(Lcom/thinkaurelius/titan/graphdb/vertices/InternalTitanVertex;Lcom/thinkaurelius/titan/core/TitanKey;)Lcom/thinkaurelius/titan/core/TitanProperty;,0.0,0,0,0,0.0,0.0,0,0,113.617,18.3333,3966.07,250.557,45,28,220.337,216.331,107.216,62.6992,79.0803,46.2458,1,0,0,4,6,0.0,0,0,0.0,0,9,9,3,2,9,9,3,0,0,0,0,0,0,0,0,0,0,0,0,0,0,0,0,0,0,0,0,0,0,0,0,0,0,0,0,0,0,0,0,0,0,0,NoBug
55d73740c60812fa57864c07f01e08b09a4504f4,com.thinkaurelius.titan.graphdb.database.IndexSerializer.removeProperty(Lcom/thinkaurelius/titan/core/TitanProperty;Lcom/thinkaurelius/titan/diskstorage/BackendTransaction;)V,0.0,0,0,0,0.0,0.0,0,0,158.606,33.25,11517.3,509.997,67,36,639.85,346.385,101.057,59.0976,70.3988,41.1689,3,2,2,1,8,0.0,0,0,0.0,0,11,11,5,2,11,11,5,0,1,0,0,0,0,0,0,0,0,0,0,0,1,0,0,0,0,0,0,0,0,0,0,0,0,0,0,0,0,0,0,0,0,0,NoBug
8ed7a34830b0a78e03142c2f4be6ea9d63b30fa8,com.thinkaurelius.titan.graphdb.database.idassigner.StandardIDPool.<init>(Lcom/thinkaurelius/titan/diskstorage/IDAuthority;IIJLjava/time/Duration;D)V,0.0,0,0,0,0.0,0.0,0,0,380.536,19.8837,18707.7,704.714,152,73,1039.31,940.853,82.7909,48.4157,68.2267,39.8987,2,0,0,2,0,0.107143,3,0,0.107143,3,25,33,19,6,25,33,19,0,0,0,0,0,0,0,0,0,0,0,0,0,0,0,0,0,0,0,0,0,0,0,0,0,0,0,0,0,0,0,0,0,0,0,NoBug
ed88d7286080492045efafb45a69fa4cb6eeb94d,com.thinkaurelius.titan.graphdb.query.SimpleAtomicQuery.removeConstraint(Lcom/thinkaurelius/titan/core/TitanType;)V,0.0,0,0,0,0.0,0.0,0,0,26.0,6.0,239.179,38.5314,12,10,13.2877,39.8631,133.808,78.2504,163.504,95.6163,1,0,0,0,2,0.571429,4,4,0.571429,4,3,3,1,1,3,3,1,0,0,0,0,0,0,0,0,0,0,0,0,0,0,0,0,0,0,0,0,0,0,0,0,0,0,0,0,0,0,0,0,0,0,0,NoBug
cf981127bcf88a6f6b6c160104ce6e97c2c37554,com.thinkaurelius.titan.graphdb.transaction.indexcache.ConcurrentIndexCache.get(Ljava/lang/Object;Lcom/thinkaurelius/titan/core/TitanKey;)Ljava/lang/Iterable;,0.0,0,0,0,0.0,0.0,0,0,129.691,22.2857,5630.8,316.505,51,31,312.822,252.664,107.856,63.0739,80.2084,46.9055,3,2,2,0,1,0.0,0,0,0.0,0,8,8,5,2,8,8,5,0,0,0,0,3,0,0,2,0,0,0,0,0,1,0,0,0,0,0,0,0,0,0,0,0,0,0,0,0,0,0,0,0,0,0,NoBug
f25283628168a4888ce46f38e6cf7cecb2794c05,com.thinkaurelius.titan.graphdb.tinkerpop.TitanBlueprintsGraph.close()V,0.0,0,0,0,0.0,0.0,0,0,17.5098,3.0,72.0,17.307,8,8,4.0,24.0,131.786,77.0679,114.528,66.9756,1,0,0,0,0,0.0,0,0,0.0,0,4,4,1,0,4,4,1,0,0,0,0,1,0,0,0,0,0,0,0,0,1,0,0,0,0,0,0,0,0,0,0,0,0,0,0,0,0,0,0,0,0,0,NoBug
814a5107c5858ef3d4411610feaed4cf74237eb5,com.thinkaurelius.titan.graphdb.TitanGraphTest.testThreadBoundTx()V,0.0,0,0,0,0.0,0.0,0,0,1013.93,27.7073,102414.0,2188.97,508,155,5689.65,3696.27,56.7619,33.1941,15.4241,9.01993,5,1,1,0,11,0.0128205,1,0,0.0128205,1,77,91,69,0,77,91,69,0,1,0,2,34,0,1,0,0,0,0,0,0,0,1,0,9,0,25,0,0,0,0,0,0,0,0,0,0,0,0,2,0,0,0,NoBug
442f468a5b0c962b5c087baa682302976a08cbb8,com.thinkaurelius.titan.diskstorage.Backend$2.call()Ljava/lang/String;,0.0,0,0,0,0.0,0.0,0,0,79.5098,16.0,2711.33,194.441,38,22,150.63,169.458,108.255,63.3073,80.6823,47.1826,2,1,1,0,2,0.0,0,0,0.0,0,9,9,5,0,9,9,5,0,0,0,1,0,0,0,0,0,0,0,0,0,0,0,0,0,0,0,0,0,0,0,0,0,0,0,0,0,0,0,0,1,0,0,NoBug
33a560db97bf3187ac45d1fe4fdf2e6b817bec40,com.thinkaurelius.titan.core.attribute.FullDouble.doubleValue()D,0.0,0,0,0,0.0,0.0,0,0,13.6096,2.5,49.1287,13.414,7,7,2.72937,19.6515,132.826,77.6758,116.028,67.8525,1,0,0,0,0,0.0,0,0,0.0,0,4,4,1,0,4,4,1,0,0,0,0,0,0,0,0,0,0,0,0,0,0,0,0,0,0,0,0,0,0,0,0,0,0,0,0,0,0,0,0,0,0,0,NoBug
ed88d7286080492045efafb45a69fa4cb6eeb94d,com.thinkaurelius.titan.graphdb.query.SimpleAtomicQuery.<init>(Lcom/thinkaurelius/titan/graphdb/transaction/InternalTitanTransaction;)V,0.0,0,0,0,0.0,0.0,0,0,145.042,9.0,2862.14,201.586,62,35,159.008,318.016,98.7949,57.7748,67.1355,39.2605,3,1,1,2,2,0.0,0,0,0.0,0,13,14,12,1,13,14,12,0,0,0,0,2,0,0,2,0,0,0,0,0,0,0,0,0,0,0,0,0,0,0,0,0,0,0,0,0,0,0,0,0,0,0,NoBug
ed88d7286080492045efafb45a69fa4cb6eeb94d,com.thinkaurelius.titan.graphdb.query.SimpleAtomicQuery.limit(J)Lcom/thinkaurelius/titan/graphdb/query/SimpleAtomicQuery;,0.0,0,0,0,0.0,0.0,0,0,33.2842,6.0,322.647,47.0419,15,12,17.9248,53.7744,123.976,72.5007,103.261,60.3864,1,0,0,0,0,0.0,0,0,0.0,0,5,5,2,1,5,5,2,0,0,0,0,0,0,0,0,0,0,0,0,0,0,0,0,0,0,0,0,0,0,0,0,0,0,0,0,0,0,0,0,0,0,0,NoBug
cf981127bcf88a6f6b6c160104ce6e97c2c37554,com.thinkaurelius.titan.graphdb.transaction.StandardTitanTx.connectRelation(Lcom/thinkaurelius/titan/graphdb/internal/InternalRelation;)V,0.0,0,0,0,0.0,0.0,0,0,158.606,33.25,10657.8,484.297,62,36,592.1,320.535,106.389,62.2158,78.1934,45.7272,4,2,2,2,6,0.0,0,0,0.0,0,8,8,9,1,8,8,9,0,0,0,0,4,0,0,4,0,0,0,0,0,0,0,0,0,0,0,0,0,0,0,0,0,0,0,0,0,0,0,0,0,0,0,NoBug
7720850da32092290f6ee0e375eb22cb367a3310,com.thinkaurelius.faunus.FaunusPipeline.has(Ljava/lang/String;[Ljava/lang/Object;)Lcom/thinkaurelius/faunus/FaunusPipeline;,0.0,0,0,0,0.0,0.0,0,0,75.6096,14.4,2213.73,169.857,35,21,122.985,153.731,126.559,74.0114,155.215,90.7693,2,0,0,0,1,0.7,7,7,0.7,7,3,3,1,2,3,3,1,0,0,0,0,0,0,0,0,0,0,0,0,0,0,0,0,0,0,0,0,0,0,0,0,0,0,0,0,0,0,0,0,0,0,0,NoBug
7720850da32092290f6ee0e375eb22cb367a3310,com.thinkaurelius.faunus.mapreduce.filter.PropertyFilterMapTest.testEdgesOnWeight()V,0.895062,1,4,1,0.875,0.85,21,17,277.632,31.0227,24609.5,846.061,136,57,1367.19,793.273,86.8331,50.7796,49.9801,29.2281,4,3,3,0,8,0.0,0,0,0.0,0,20,24,15,0,20,24,15,0,0,0,1,7,0,0,0,0,0,0,0,0,0,0,0,0,0,7,0,0,0,0,0,0,0,0,0,0,0,0,0,1,0,0,NoBug
ed88d7286080492045efafb45a69fa4cb6eeb94d,com.thinkaurelius.titan.graphdb.relations.LabeledTitanEdge.getProperty(Lcom/thinkaurelius/titan/core/TitanKey;)Ljava/lang/Object;,1.0,1,3,1,1.0,1.0,10,10,152.382,21.9375,5851.23,324.712,52,35,325.068,266.723,103.96,60.7952,74.5869,43.6181,3,2,2,1,5,0.0,0,0,0.0,0,10,10,6,1,10,10,6,0,0,0,0,2,0,0,1,0,0,0,0,0,1,0,0,0,0,0,0,0,0,0,0,0,0,0,0,0,0,0,0,0,0,0,NoBug
ed88d7286080492045efafb45a69fa4cb6eeb94d,com.thinkaurelius.titan.graphdb.vertices.PersistStandardTitanVertex.hasLoadedEdges(Lcom/thinkaurelius/titan/graphdb/query/AtomicQuery;)Z,0.0,0,0,0,0.0,0.0,0,0,33.2842,6.0,279.627,42.7615,13,12,15.5348,46.6045,128.335,75.0498,109.55,64.0641,1,0,0,0,1,0.0,0,0,0.0,0,4,4,1,1,4,4,1,0,0,0,0,0,0,0,0,0,0,0,0,0,0,0,0,0,0,0,0,0,0,0,0,0,0,0,0,0,0,0,0,0,0,0,NoBug
86bc51a0b9aa5d6d59ec1770f6fdafff8d0a5f7e,com.thinkaurelius.titan.diskstorage.keycolumnvalue.CachedKeyColumnValueStore.getGlobalCacheHits()J,0.0,0,0,0,0.0,0.0,0,0,37.9742,5.0,296.035,44.4183,16,13,16.4464,59.207,131.751,77.0474,114.478,66.946,1,0,0,2,0,0.0,0,0,0.0,0,3,3,1,0,3,3,1,0,0,0,0,0,0,0,0,0,0,0,0,0,0,0,0,0,0,0,0,0,0,0,0,0,0,0,0,0,0,0,0,0,0,0,NoBug
ed88d7286080492045efafb45a69fa4cb6eeb94d,com.thinkaurelius.titan.graphdb.query.SimpleAtomicQuery.has(LString;LT;LQuery.Compare;)LAtomicQuery;,0.0,0,0,0,0.0,0.0,0,0,128.042,18.6875,3888.42,247.276,42,31,216.024,208.076,113.756,66.5242,88.6186,51.8237,2,1,1,0,2,0.0,0,0,0.0,0,6,6,4,3,6,6,4,0,0,0,0,1,0,0,1,0,0,0,0,0,0,0,0,0,0,0,0,0,0,0,0,0,0,0,0,0,0,0,0,0,0,0,NoBug
ed88d7286080492045efafb45a69fa4cb6eeb94d,com.thinkaurelius.titan.graphdb.query.SimpleAtomicQuery.retrieveFromMemory(Lcom/thinkaurelius/titan/graphdb/query/VertexListInternal;)Lcom/thinkaurelius/titan/graphdb/query/VertexListInternal;,0.0,0,0,0,0.0,0.0,0,0,144.626,25.0,8521.5,417.2,67,34,473.417,340.86,101.14,59.1465,70.5194,41.2394,3,1,1,2,6,0.0,0,0,0.0,0,11,11,9,1,11,11,9,0,0,0,0,2,0,0,2,0,0,0,0,0,0,0,0,0,0,0,0,0,0,0,0,0,0,0,0,0,0,0,0,0,0,0,NoBug
ed88d7286080492045efafb45a69fa4cb6eeb94d,com.thinkaurelius.titan.graphdb.query.ComplexTitanQuery.flattenQuery()Ljava/util/List;,0.0,0,0,0,0.0,0.0,0,0,58.0579,11.6667,1335.24,121.257,28,17,74.1799,114.449,120.048,70.2038,140.531,82.1819,1,0,0,5,1,0.444444,4,4,0.444444,4,5,5,3,0,5,5,3,0,0,0,0,0,0,0,0,0,0,0,0,0,0,0,0,0,0,0,0,0,0,0,0,0,0,0,0,0,0,0,0,0,0,0,NoBug
854139c3e9bb3a63ed124e1403d1227aba7632e1,com.thinkaurelius.titan.graphdb.transaction.StandardTransactionBuilder.start()Lcom/thinkaurelius/titan/core/TitanTransaction;,0.0,0,0,0,0.0,0.0,0,0,156.239,8.38095,1877.39,152.184,43,37,104.299,224.007,103.783,60.692,74.1287,43.3501,1,0,0,4,5,0.0,0,0,0.0,0,11,11,2,0,11,11,2,0,0,0,0,0,0,0,0,0,0,0,0,0,0,0,0,0,0,0,0,0,0,0,0,0,0,0,0,0,0,0,0,0,0,0,NoBug
0d269e350f01e145b0eec0157b9c45274b2023f7,com.thinkaurelius.titan.graphdb.tinkerpop.TitanFeatures$TitanEdgeFeatures.supportsStringIds()Z,0.0,0,0,0,0.0,0.0,0,0,13.6096,2.5,49.1287,13.414,7,7,2.72937,19.6515,129.211,75.5618,110.813,64.8027,1,0,0,0,0,0.0,0,0,0.0,0,5,5,1,0,5,5,1,0,0,0,0,0,0,0,0,0,0,0,0,0,0,0,0,0,0,0,0,0,0,0,0,0,0,0,0,0,0,0,0,0,0,0,NoBug
0d269e350f01e145b0eec0157b9c45274b2023f7,com.thinkaurelius.titan.graphdb.tinkerpop.TitanFeatures$TitanVertexFeatures.supportsUserSuppliedIds()Z,0.0,0,0,0,0.0,0.0,0,0,40.0537,5.5,345.991,49.2845,17,13,19.2217,62.9075,126.775,74.1376,107.299,62.7481,1,0,0,0,2,0.0,0,0,0.0,0,4,4,1,0,4,4,1,0,0,0,0,0,0,0,0,0,0,0,0,0,0,0,0,0,0,0,0,0,0,0,0,0,0,0,0,0,0,0,0,0,0,0,NoBug
4d4700f2228f768450954df98aa8af68df125e2f,com.thinkaurelius.titan.graphdb.VertexListTest.testLists()V,0.0,0,0,0,0.0,0.0,0,0,167.149,9.5,5071.34,295.177,101,39,281.741,533.826,79.367,46.4135,39.4124,23.0482,6,3,3,0,0,0.0,0,0,0.0,0,35,44,32,0,35,44,32,0,1,0,11,8,0,1,2,0,0,0,0,0,0,1,0,0,0,6,0,0,0,0,0,0,0,0,0,0,0,0,0,0,11,0,NoBug
65361de5ecc2f63e0a69dbcd1370847c800b5cc7,com.thinkaurelius.titan.diskstorage.lucene.LuceneIndex.convertQuery(LKeyCondition;)LFilter;,0.0,0,0,0,0.0,0.0,0,0,430.582,102.341,250957.0,3978.63,389,79,13942.1,2452.17,64.0219,37.4397,45.9249,26.8567,16,5,4,1,12,0.142857,8,0,0.142857,8,48,56,40,1,48,56,40,0,1,0,0,4,0,0,3,0,0,0,0,0,2,0,0,0,0,0,0,0,0,0,0,0,0,0,0,0,0,0,0,0,0,0,NoBug
7720850da32092290f6ee0e375eb22cb367a3310,com.thinkaurelius.faunus.formats.titan.TitanInputFormat.inputSlice(LVertexQueryFilter;LTitanGraph;)LSliceQuery;,0.0,0,0,0,0.0,0.0,0,0,98.0162,11.3333,2290.68,173.771,43,26,127.26,202.119,109.247,63.8871,82.1129,48.0192,2,1,1,2,0,0.0,0,0,0.0,0,8,8,4,2,8,8,4,0,0,0,0,1,0,0,0,0,0,0,0,0,1,0,0,0,0,0,0,0,0,0,0,0,0,0,0,0,0,0,0,0,0,0,NoBug
9258a9dd339b1bf7a4039cf3d7e44807ce3e5a5f,com.thinkaurelius.titan.graphdb.TitanIndexTest.testGraphOfTheGods()V,0.0,0,0,0,0.0,0.0,0,0,30.5293,6.75,326.916,47.456,14,11,18.162,48.432,124.52,72.8189,146.982,85.9547,1,0,0,0,2,0.444444,4,4,0.444444,4,5,5,2,0,5,5,2,0,0,0,0,0,0,0,0,0,0,0,0,0,0,0,0,0,0,0,0,0,0,0,0,0,0,0,0,0,0,0,0,0,0,0,NoBug
ed88d7286080492045efafb45a69fa4cb6eeb94d,com.thinkaurelius.titan.graphdb.query.EmptyAtomicQuery.getVertexID()J,0.0,0,0,0,0.0,0.0,0,0,28.5293,4.5,149.487,28.1666,10,10,8.30482,33.2193,130.096,76.0794,112.089,65.5494,1,0,0,0,0,0.0,0,0,0.0,0,4,4,1,0,4,4,1,0,0,0,0,0,0,0,0,0,0,0,0,0,0,0,0,0,0,0,0,0,0,0,0,0,0,0,0,0,0,0,0,0,0,0,NoBug
3b4dd304515746e895b4ea7cd1728c0bcfd5d460,com.thinkaurelius.titan.diskstorage.configuration.BasicConfiguration.getAll()Ljava/util/Map;,0.0,0,0,0,0.0,0.0,0,0,190.226,30.0,14235.7,587.381,88,42,790.873,474.524,94.1656,55.0676,60.5586,35.4144,4,2,2,1,5,0.0,0,0,0.0,0,15,16,10,0,15,16,10,0,0,0,0,0,0,0,0,0,0,0,0,0,0,0,0,0,0,0,0,0,0,0,0,0,0,0,0,0,0,0,0,0,0,0,NoBug
1c0f0f651f910b8d982d09baf9a3dc355be2319b,com.thinkaurelius.titan.diskstorage.es.ElasticsearchRunner.getDaemonShortName()Ljava/lang/String;,0.0,0,0,0,0.0,0.0,0,0,13.6096,2.5,49.1287,13.414,7,7,2.72937,19.6515,132.826,77.6758,116.028,67.8525,1,0,0,0,0,0.0,0,0,0.0,0,4,4,1,0,4,4,1,0,0,0,0,0,0,0,0,0,0,0,0,0,0,0,0,0,0,0,0,0,0,0,0,0,0,0,0,0,0,0,0,0,0,0,NoBug
e773067c084e9e6a0a58b739d06f86f0ad36a994,com.thinkaurelius.titan.diskstorage.log.LogTest.testFuzzMessages()V,0.0,0,0,0,0.0,0.0,0,0,330.519,40.1739,36291.3,1096.15,150,65,2016.18,903.355,83.4337,48.7917,65.8025,38.481,3,2,2,0,5,0.0769231,2,0,0.0769231,2,24,27,22,0,24,27,22,0,0,0,1,5,0,0,2,0,0,0,0,0,0,0,0,0,0,3,0,0,0,0,0,0,0,0,0,0,0,0,0,1,0,0,NoBug
ed88d7286080492045efafb45a69fa4cb6eeb94d,com.thinkaurelius.titan.graphdb.loadingstatus.DefaultLoadingStatus.hasLoadedEdges(Lcom/thinkaurelius/titan/graphdb/query/AtomicQuery;)Z,0.0,0,0,0,0.0,0.0,0,0,20.2647,3.0,85.588,19.4212,9,9,4.75489,28.5293,130.887,76.5422,113.231,66.2171,1,0,0,0,0,0.0,0,0,0.0,0,4,4,1,1,4,4,1,0,0,0,0,0,0,0,0,0,0,0,0,0,0,0,0,0,0,0,0,0,0,0,0,0,0,0,0,0,0,0,0,0,0,0,NoBug
9a49faa3669fc2c03e458c7999ecf095e0b0725d,com.thinkaurelius.titan.TestByteBuffer.testByte()J,0.0,0,0,0,0.0,0.0,0,0,184.546,10.0,6093.32,333.608,113,42,338.518,609.332,81.0355,47.3892,42.1251,24.6345,9,3,3,0,0,0.0,0,0,0.0,0,29,29,31,0,29,29,31,0,0,0,11,2,0,0,2,0,0,0,0,0,0,0,0,0,0,0,0,0,0,0,0,0,0,0,0,0,0,0,0,0,11,0,NoBug
ed88d7286080492045efafb45a69fa4cb6eeb94d,com.thinkaurelius.titan.graphdb.query.EmptyAtomicQuery.getNode()Lcom/thinkaurelius/titan/graphdb/vertices/InternalTitanVertex;,0.0,0,0,0,0.0,0.0,0,0,28.5293,4.5,149.487,28.1666,10,10,8.30482,33.2193,130.096,76.0794,112.089,65.5494,1,0,0,0,0,0.0,0,0,0.0,0,4,4,1,0,4,4,1,0,0,0,0,0,0,0,0,0,0,0,0,0,0,0,0,0,0,0,0,0,0,0,0,0,0,0,0,0,0,0,0,0,0,0,NoBug
86bc51a0b9aa5d6d59ec1770f6fdafff8d0a5f7e,com.thinkaurelius.titan.diskstorage.keycolumnvalue.CachedKeyColumnValueStore.getGlobalCacheHitRatio()D,0.0,0,0,0,0.0,0.0,0,0,75.6096,9.6,1222.82,114.352,29,21,67.9345,127.377,122.877,71.8578,101.777,59.5185,2,1,1,0,1,0.0,0,0,0.0,0,4,4,3,0,4,4,3,0,0,0,0,2,0,0,1,0,0,0,0,0,1,0,0,0,0,0,0,0,0,0,0,0,0,0,0,0,0,0,0,0,0,0,NoBug
0a02b5352020cdf5518610bd54c004399c5308f3,com.thinkaurelius.titan.diskstorage.util.KeyValueStoreAdapter.hasFixedKeyLength()Z,0.0,0,0,0,0.0,0.0,0,0,20.2647,3.0,85.588,19.4212,9,9,4.75489,28.5293,135.548,79.2676,119.955,70.149,1,0,0,5,0,0.0,0,0,0.0,0,3,3,1,0,3,3,1,0,0,0,0,0,0,0,0,0,0,0,0,0,0,0,0,0,0,0,0,0,0,0,0,0,0,0,0,0,0,0,0,0,0,0,NoBug
3b4dd304515746e895b4ea7cd1728c0bcfd5d460,com.thinkaurelius.titan.diskstorage.es.ElasticSearchConfigTest.testTitanFactoryBuilder()V,0.0,0,0,0,0.0,0.0,0,0,171.207,4.0,1847.27,150.552,88,38,102.626,461.818,92.9691,54.3679,76.3814,44.6675,1,0,0,0,0,0.0555556,1,0,0.0555556,1,17,17,13,0,17,17,13,0,0,0,10,1,0,0,0,0,0,0,0,0,0,0,0,0,0,1,0,0,0,0,0,0,0,0,0,0,0,0,7,0,3,0,NoBug
e773067c084e9e6a0a58b739d06f86f0ad36a994,com.thinkaurelius.titan.diskstorage.log.LogTest.testLogIsDurableAcrossReopen()V,0.0,0,0,0,0.0,0.0,0,0,240.711,33.6842,29425.0,953.112,154,51,1634.72,873.553,87.0218,50.8899,49.9469,29.2087,1,0,0,0,7,0.0,0,0,0.0,0,20,22,17,0,20,22,17,0,0,0,1,3,0,0,0,0,0,0,0,0,0,0,0,0,0,3,0,0,0,0,0,0,0,0,0,0,0,0,0,1,0,0,NoBug
3247d28161a1c089cb463c208ae21c5129eee1af,com.thinkaurelius.titan.graphdb.database.cache.MetricInstrumentedSchemaCache$107408#.retrieveSchemaRelations(LLBaseRelationType;LDirection;)LEntryList;,0.0,0,0,0,0.0,0.0,0,0,19.6096,2.5,87.1729,19.6602,11,9,4.84294,34.8692,126.229,73.818,106.511,62.2869,1,0,0,0,0,0.0,0,0,0.0,0,5,5,2,3,5,5,2,0,0,0,0,0,0,0,0,0,0,0,0,0,0,0,0,0,0,0,0,0,0,0,0,0,0,0,0,0,0,0,0,0,0,0,NoBug
6eec0ad79102e9d0d93c7753410965aec85c296a,com.thinkaurelius.titan.graphdb.TitanGraphTest.testThreadBoundTx()V,0.0,0,0,0,0.0,0.0,0,0,776.521,19.5842,54068.3,1429.86,397,124,3003.79,2760.82,61.5302,35.9825,23.1996,13.567,5,1,1,0,4,0.015625,1,0,0.015625,1,63,77,56,0,63,77,56,0,1,0,1,32,0,1,0,0,0,0,0,0,0,1,0,9,0,23,0,0,0,0,0,0,0,0,0,0,0,0,1,0,0,0,NoBug
ed88d7286080492045efafb45a69fa4cb6eeb94d,com.thinkaurelius.titan.graphdb.vertices.AbstractTitanVertex.getProperties()Ljava/lang/Iterable;,0.0,0,0,0,0.0,0.0,0,0,53.303,7.0,437.572,57.6368,16,15,24.3095,62.5103,126.808,74.1569,107.347,62.7758,1,0,0,0,2,0.0,0,0,0.0,0,4,4,1,0,4,4,1,0,0,0,0,0,0,0,0,0,0,0,0,0,0,0,0,0,0,0,0,0,0,0,0,0,0,0,0,0,0,0,0,0,0,0,NoBug
8e76984347ad0cc94af1cde0ecb9b018e79d526c,com.thinkaurelius.titan.graphdb.database.StandardTitanGraph.closeInternal()V,0.0,0,0,0,0.0,0.0,0,0,70.213,7.5,1361.41,122.836,42,20,75.6337,181.521,94.732,55.3988,83.7889,48.9994,3,2,2,0,0,0.0909091,2,0,0.0909091,2,20,23,14,0,20,23,14,0,0,0,3,3,0,0,2,0,0,0,0,0,2,0,0,0,0,0,0,0,0,0,0,0,0,0,0,0,0,0,0,0,2,0,NoBug
d39591ed87e4e2f0c854e1e9942af37cd070e2e5,com.thinkaurelius.titan.graphdb.relations.StandardProperty.removePropertyDirect(Lcom/thinkaurelius/titan/core/TitanType;)Ljava/lang/Object;,0.0,0,0,0,0.0,0.0,0,0,70.213,10.5,1225.27,114.504,27,20,68.0704,116.692,116.764,68.283,92.9575,54.3611,2,1,1,0,0,0.0,0,0,0.0,0,6,6,3,1,6,6,3,0,0,0,0,1,0,0,1,0,0,0,0,0,0,0,0,0,0,0,0,0,0,0,0,0,0,0,0,0,0,0,0,0,0,0,NoBug
33a560db97bf3187ac45d1fe4fdf2e6b817bec40,com.thinkaurelius.titan.graphdb.database.serialize.attribute.DoubleSerializer.read(Ljava/nio/ByteBuffer;)Ljava/lang/Double;,0.0,0,0,0,0.0,0.0,0,0,81.0965,11.9,1432.82,127.095,27,22,79.6009,120.405,119.785,70.0495,97.2137,56.8501,1,0,0,0,1,0.0,0,0,0.0,0,5,5,2,1,5,5,2,0,0,0,0,1,0,0,0,0,0,0,0,0,1,0,0,0,0,0,0,0,0,0,0,0,0,0,0,0,0,0,0,0,0,0,NoBug
0a02b5352020cdf5518610bd54c004399c5308f3,com.thinkaurelius.titan.diskstorage.util.KeyValueStoreAdapter.getColumn(Ljava/nio/ByteBuffer;)Ljava/nio/ByteBuffer;,0.0,0,0,0,0.0,0.0,0,0,83.0587,22.5,4113.83,256.742,41,22,228.546,182.837,109.768,64.192,107.553,62.8963,2,1,1,2,2,0.111111,1,0,0.111111,1,8,8,5,1,8,8,5,0,0,0,0,0,0,0,0,0,0,0,0,0,0,0,0,0,0,0,0,0,0,0,0,0,0,0,0,0,0,0,0,0,0,0,NoBug
7720850da32092290f6ee0e375eb22cb367a3310,com.thinkaurelius.faunus.mapreduce.filter.PropertyFilterMapTest.testNullValue1()V,0.888235,5,5,5,0.842105,0.8,16,12,256.817,21.5385,17601.1,676.644,142,54,977.839,817.194,92.029,53.8181,57.1708,33.4332,1,0,0,0,6,0.0,0,0,0.0,0,15,19,13,0,15,19,13,0,0,0,1,10,0,0,0,0,0,0,0,0,0,0,0,0,0,10,0,0,0,0,0,0,0,0,0,0,0,0,0,1,0,0,NoBug
9b93bdc971471b1cfd377c6f34309543b824800e,com.thinkaurelius.titan.diskstorage.es.BerkeleyElasticsearchTest.testGraphOfTheGodsFactoryCreate()V,0.0,0,0,0,0.0,0.0,0,0,31.2611,3.5,263.495,41.1006,21,12,14.6386,75.2842,114.612,67.0248,125.933,73.645,1,0,0,0,0,0.272727,3,3,0.272727,3,8,9,5,0,8,9,5,0,0,0,3,0,0,0,0,0,0,0,0,0,0,0,0,0,0,1,0,0,0,0,0,0,0,0,0,0,0,0,0,0,2,0,NoBug
ed88d7286080492045efafb45a69fa4cb6eeb94d,com.thinkaurelius.titan.graphdb.query.ComplexTitanQuery.group(Lcom/thinkaurelius/titan/core/TypeGroup;)Lcom/thinkaurelius/titan/core/TitanQuery;,0.0,0,0,0,0.0,0.0,0,0,37.9742,5.0,240.529,38.6763,13,13,13.3627,48.1057,128.17,74.9534,109.312,63.925,1,0,0,0,0,0.0,0,0,0.0,0,4,4,1,1,4,4,1,0,0,0,0,0,0,0,0,0,0,0,0,0,0,0,0,0,0,0,0,0,0,0,0,0,0,0,0,0,0,0,0,0,0,0,NoBug
442f468a5b0c962b5c087baa682302976a08cbb8,com.thinkaurelius.titan.diskstorage.Backend.getImplementationClass(LConfiguration;LString;LString;LMap;)LT;,0.0,0,0,0,0.0,0.0,0,0,100.362,23.0714,5747.63,320.868,53,26,319.313,249.123,110.323,64.5163,83.6651,48.927,2,1,1,2,1,0.0,0,0,0.0,0,7,8,4,4,7,8,4,0,2,0,0,0,0,0,0,0,0,0,0,0,2,0,0,0,0,0,0,0,0,0,0,0,0,0,0,0,0,0,0,0,0,0,NoBug
55d73740c60812fa57864c07f01e08b09a4504f4,com.thinkaurelius.titan.graphdb.database.IndexSerializer.addKeyValue(Lcom/thinkaurelius/titan/core/TitanElement;Lcom/thinkaurelius/titan/core/TitanKey;Ljava/lang/Object;Ljava/lang/String;Lcom/thinkaurelius/titan/diskstorage/BackendTransaction;)V,0.0,0,0,0,0.0,0.0,0,0,100.362,21.7143,4797.13,284.438,47,26,266.507,220.921,120.243,70.3178,97.8756,57.2372,1,0,0,2,7,0.0,0,0,0.0,0,4,4,2,5,4,4,2,0,0,0,0,0,0,0,0,0,0,0,0,0,0,0,0,0,0,0,0,0,0,0,0,0,0,0,0,0,0,0,0,0,0,0,NoBug
33a560db97bf3187ac45d1fe4fdf2e6b817bec40,com.thinkaurelius.titan.core.attribute.FullFloat.doubleValue()D,0.0,0,0,0,0.0,0.0,0,0,13.6096,2.5,49.1287,13.414,7,7,2.72937,19.6515,132.826,77.6758,116.028,67.8525,1,0,0,0,0,0.0,0,0,0.0,0,4,4,1,0,4,4,1,0,0,0,0,0,0,0,0,0,0,0,0,0,0,0,0,0,0,0,0,0,0,0,0,0,0,0,0,0,0,0,0,0,0,0,NoBug
00aa8b9b5ef06997c0f455d7028235f520100fa9,com.thinkaurelius.titan.graphdb.TitanIndexTest.testSimpleUpdate()V,0.0,0,0,0,0.0,0.0,0,0,190.346,18.3333,12236.2,531.005,123,43,679.79,667.431,92.0362,53.8223,57.1811,33.4393,1,0,0,0,8,0.0,0,0,0.0,0,16,17,12,0,16,17,12,0,0,0,2,3,0,0,0,0,0,0,0,0,0,0,0,0,0,3,0,0,0,0,0,0,0,0,0,0,0,0,1,0,1,0,NoBug
cf981127bcf88a6f6b6c160104ce6e97c2c37554,com.thinkaurelius.titan.graphdb.transaction.StandardTitanTx$6$2.apply(Lcom/thinkaurelius/titan/core/TitanProperty;)Lcom/thinkaurelius/titan/core/TitanVertex;,0.0,0,0,0,0.0,0.0,0,0,35.2193,7.5,376.421,52.1334,14,12,20.9123,50.1895,124.335,72.7105,103.778,60.6891,1,0,0,0,0,0.0,0,0,0.0,0,5,5,1,1,5,5,1,0,0,0,0,0,0,0,0,0,0,0,0,0,0,0,0,0,0,0,0,0,0,0,0,0,0,0,0,0,0,0,0,0,0,0,NoBug
55d73740c60812fa57864c07f01e08b09a4504f4,com.thinkaurelius.titan.graphdb.database.IndexSerializer.getUniqueIndexColumn(Lcom/thinkaurelius/titan/core/TitanKey;)Lcom/thinkaurelius/titan/diskstorage/StaticBuffer;,0.0,0,0,0,0.0,0.0,0,0,45.0195,9.0,582.525,69.7498,17,14,32.3625,64.725,131.288,76.7764,113.809,66.555,1,0,0,2,2,0.0,0,0,0.0,0,3,3,1,1,3,3,1,0,0,0,0,0,0,0,0,0,0,0,0,0,0,0,0,0,0,0,0,0,0,0,0,0,0,0,0,0,0,0,0,0,0,0,NoBug
1c0f0f651f910b8d982d09baf9a3dc355be2319b,com.thinkaurelius.titan.diskstorage.es.ElasticsearchRunner.killImpl(Lcom/thinkaurelius/titan/diskstorage/es/ElasticsearchStatus;)V,0.0,0,0,0,0.0,0.0,0,0,76.2388,6.0,1070.26,104.631,40,22,59.4591,178.377,100.831,58.9655,69.9712,40.9188,2,1,1,0,0,0.0,0,0,0.0,0,14,19,9,1,14,19,9,0,0,0,1,0,0,0,0,0,0,0,0,0,1,0,0,0,0,0,0,0,0,0,0,0,0,0,0,0,0,0,0,0,0,0,NoBug
ed88d7286080492045efafb45a69fa4cb6eeb94d,com.thinkaurelius.titan.graphdb.loadingstatus.DirectionTypeEncoder.hasAllCovered(BLcom/thinkaurelius/titan/graphdb/query/AtomicQuery;)Z,0.0,0,0,0,0.0,0.0,0,0,178.935,27.6818,12522.3,539.248,85,40,695.681,452.364,95.5825,55.8962,63.1119,36.9076,9,4,4,1,6,0.0,0,0,0.0,0,13,13,9,2,13,13,9,0,0,0,0,7,0,2,4,0,0,0,0,0,1,0,0,0,0,0,0,0,0,0,0,0,0,0,0,0,0,0,0,0,0,0,NoBug
598e12b21c73c1eb837031f2bee0398c08ad9d09,com.thinkaurelius.titan.graphdb.database.idassigner.StandardIDPool$IDBlockGetter.<init>(Lcom/thinkaurelius/titan/diskstorage/IDAuthority;IILcom/thinkaurelius/titan/core/attribute/Duration;)V,0.0,0,0,0,0.0,0.0,0,0,61.7486,6.3,1124.0,108.105,42,19,62.4445,178.413,112.289,65.666,86.3997,50.5261,1,0,0,1,0,0.0,0,0,0.0,0,7,7,5,4,7,7,5,0,0,0,0,0,0,0,0,0,0,0,0,0,0,0,0,0,0,0,0,0,0,0,0,0,0,0,0,0,0,0,0,0,0,0,NoBug
b55f4f332ee7c5c47295db46ffac2d2355968f79,com.thinkaurelius.titan.graphdb.TitanGraphTest.testPropertyIndexPersistence()V,0.0,0,0,0,0.0,0.0,0,0,103.588,30.0,13979.4,580.308,98,27,776.632,465.979,92.9224,54.3406,58.4597,34.1869,1,0,0,0,8,0.0,0,0,0.0,0,17,25,14,0,17,25,14,0,0,0,0,3,0,0,0,0,0,0,0,0,0,0,0,0,0,3,0,0,0,0,0,0,0,0,0,0,0,0,0,0,0,0,NoBug
ed88d7286080492045efafb45a69fa4cb6eeb94d,com.thinkaurelius.titan.graphdb.query.ComplexTitanQuery.count()J,0.0,0,0,0,0.0,0.0,0,0,24.0,4.0,114.117,23.5271,9,9,6.33985,28.5293,130.887,76.5422,113.231,66.2171,1,0,0,0,1,0.0,0,0,0.0,0,4,4,1,0,4,4,1,0,0,0,0,0,0,0,0,0,0,0,0,0,0,0,0,0,0,0,0,0,0,0,0,0,0,0,0,0,0,0,0,0,0,0,NoBug
442f468a5b0c962b5c087baa682302976a08cbb8,com.thinkaurelius.titan.diskstorage.Backend.getIndexInformation()Ljava/util/Map;,0.0,0,0,0,0.0,0.0,0,0,70.213,12.0,1815.21,148.805,35,20,100.845,151.267,115.644,67.6283,134.473,78.6394,1,0,0,1,0,0.454545,5,5,0.454545,5,6,6,4,0,6,6,4,0,0,0,0,0,0,0,0,0,0,0,0,0,0,0,0,0,0,0,0,0,0,0,0,0,0,0,0,0,0,0,0,0,0,0,NoBug
55d73740c60812fa57864c07f01e08b09a4504f4,com.thinkaurelius.titan.graphdb.TitanGraphTest.testTypes()V,0.130511,2,12,6,0.196226,0.222222,52,46,1942.93,69.6359,771151.0,8409.3,1372,269,42841.7,11074.0,32.5057,19.0092,-10.1252,0.0,16,1,1,0,40,0.0504587,11,0,0.0504587,11,207,265,166,0,207,265,166,0,15,0,13,61,0,15,0,0,0,0,1,0,0,15,0,17,0,43,0,0,0,0,0,0,0,0,0,0,0,0,9,0,4,0,Bag
ed88d7286080492045efafb45a69fa4cb6eeb94d,com.thinkaurelius.titan.graphdb.vertices.AbstractTitanVertex.getEdges()Ljava/lang/Iterable;,0.0,0,0,0,0.0,0.0,0,0,53.303,7.0,437.572,57.6368,16,15,24.3095,62.5103,126.808,74.1569,107.347,62.7758,1,0,0,1,2,0.0,0,0,0.0,0,4,4,1,0,4,4,1,0,0,0,0,0,0,0,0,0,0,0,0,0,0,0,0,0,0,0,0,0,0,0,0,0,0,0,0,0,0,0,0,0,0,0,NoBug
ed88d7286080492045efafb45a69fa4cb6eeb94d,com.thinkaurelius.titan.graphdb.vertices.AbstractTitanVertex.loadedEdges(Lcom/thinkaurelius/titan/graphdb/query/AtomicQuery;)V,0.0,0,0,0,0.0,0.0,0,0,37.9742,5.0,240.529,38.6763,13,13,13.3627,48.1057,128.17,74.9534,153.768,89.923,1,0,0,0,0,0.5,4,4,0.5,4,4,4,1,1,4,4,1,0,0,0,0,0,0,0,0,0,0,0,0,0,0,0,0,0,0,0,0,0,0,0,0,0,0,0,0,0,0,0,0,0,0,0,NoBug
624a0e1c014b7b589db531167a9c5f171b2555a9,com.thinkaurelius.titan.graphdb.database.StandardTitanGraph.save(Ljava/util/Collection;Ljava/util/Collection;Lcom/thinkaurelius/titan/graphdb/transaction/InternalTitanTransaction;)V,0.0,0,0,0,0.0,0.0,0,0,939.931,141.966,650638.0,7508.61,634,150,36146.6,4583.07,42.6024,24.9137,13.7683,8.05164,44,6,6,0,29,0.1,11,0,0.1,11,99,122,80,3,99,122,80,0,0,0,4,16,0,0,16,0,0,0,0,0,3,0,0,0,0,0,0,0,0,0,0,0,0,0,0,0,0,1,0,0,0,0,NoBug
598e12b21c73c1eb837031f2bee0398c08ad9d09,com.thinkaurelius.titan.graphdb.database.idassigner.StandardIDPool.waitForIDBlockGetter()V,0.0,0,0,0,0.0,0.0,0,0,227.32,26.825,17019.4,661.653,113,49,945.525,634.462,85.5005,50.0003,69.374,40.5696,5,2,2,2,2,0.08,2,0,0.08,2,23,25,12,0,23,25,12,0,0,0,0,1,0,0,0,0,0,0,0,0,1,0,0,0,0,0,0,0,0,0,0,0,0,0,0,0,0,0,0,0,0,0,NoBug
070f75a3a577d2703e77fac45710686dc1cd8a99,com.thinkaurelius.titan.graphdb.blueprints.TitanBlueprintsGraph.addVertex(Lcom/thinkaurelius/titan/core/VertexLabel;)Lcom/thinkaurelius/titan/core/TitanVertex;,0.0,0,0,0,0.0,0.0,0,0,35.2193,7.5,376.421,52.1334,14,12,20.9123,50.1895,127.95,74.8245,108.994,63.7389,1,0,0,5,2,0.0,0,0,0.0,0,4,4,1,1,4,4,1,0,0,0,0,0,0,0,0,0,0,0,0,0,0,0,0,0,0,0,0,0,0,0,0,0,0,0,0,0,0,0,0,0,0,0,NoBug
070f75a3a577d2703e77fac45710686dc1cd8a99,com.thinkaurelius.titan.graphdb.TitanIndexTest.testVertexTTLWithMixedIndices()V,0.0,0,0,0,0.0,0.0,0,0,942.92,48.375,170301.0,3072.4,487,150,9461.17,3520.43,62.3476,36.4606,33.8724,19.8084,3,1,1,0,21,0.0655738,4,3,0.0655738,4,57,73,45,0,57,73,45,0,0,0,4,8,0,0,0,0,0,0,0,0,0,0,0,0,0,8,0,0,0,0,0,0,0,0,0,0,0,0,3,1,0,0,NoBug
814a5107c5858ef3d4411610feaed4cf74237eb5,com.thinkaurelius.titan.graphdb.relations.CacheEdge.it()Lcom/thinkaurelius/titan/graphdb/internal/InternalRelation;,0.0,0,0,0,0.0,0.0,0,0,206.883,24.3571,12306.5,533.035,92,45,683.692,505.25,94.267,55.1269,80.4813,47.0651,7,1,1,1,7,0.0666667,1,0,0.0526316,1,14,15,10,0,18,19,11,0,0,0,0,3,0,0,1,0,0,0,0,0,1,0,0,0,0,0,0,0,0,0,0,0,0,0,1,0,0,0,0,0,0,0,NoBug
ed88d7286080492045efafb45a69fa4cb6eeb94d,com.thinkaurelius.titan.graphdb.vertices.VertexUtil.getQuerySpecificIterable(Lcom/thinkaurelius/titan/graphdb/adjacencylist/AdjacencyList;Lcom/thinkaurelius/titan/graphdb/query/AtomicQuery;)Ljava/lang/Iterable;,0.0,0,0,0,0.0,0.0,0,0,118.039,36.0,10383.9,475.963,60,28,576.883,288.441,103.553,60.5572,73.9997,43.2747,3,2,1,2,7,0.0,0,0,0.0,0,10,10,6,2,10,10,6,0,0,0,0,1,0,0,0,0,0,0,0,0,1,0,0,0,0,0,0,0,0,0,0,0,0,0,0,0,0,0,0,0,0,0,NoBug
33a560db97bf3187ac45d1fe4fdf2e6b817bec40,com.thinkaurelius.titan.core.attribute.FullFloat.intValue()I,0.0,0,0,0,0.0,0.0,0,0,17.5098,3.0,81.0,18.7208,9,8,4.5,27.0,131.174,76.7098,113.645,66.4588,1,0,0,0,0,0.0,0,0,0.0,0,4,4,1,0,4,4,1,0,0,0,0,0,0,0,0,0,0,0,0,0,0,0,0,0,0,0,0,0,0,0,0,0,0,0,0,0,0,0,0,0,0,0,NoBug
ed88d7286080492045efafb45a69fa4cb6eeb94d,com.thinkaurelius.titan.graphdb.query.ComplexTitanQuery.propertyCount()J,0.0,0,0,0,0.0,0.0,0,0,24.0,4.0,114.117,23.5271,9,9,6.33985,28.5293,130.887,76.5422,113.231,66.2171,1,0,0,0,1,0.0,0,0,0.0,0,4,4,1,0,4,4,1,0,0,0,0,0,0,0,0,0,0,0,0,0,0,0,0,0,0,0,0,0,0,0,0,0,0,0,0,0,0,0,0,0,0,0,NoBug
0d269e350f01e145b0eec0157b9c45274b2023f7,com.thinkaurelius.titan.graphdb.tinkerpop.TitanFeatures$TitanVertexFeatures.supportsCustomIds()Z,0.0,0,0,0,0.0,0.0,0,0,13.6096,2.5,49.1287,13.414,7,7,2.72937,19.6515,129.211,75.5618,110.813,64.8027,1,0,0,0,0,0.0,0,0,0.0,0,5,5,1,0,5,5,1,0,0,0,0,0,0,0,0,0,0,0,0,0,0,0,0,0,0,0,0,0,0,0,0,0,0,0,0,0,0,0,0,0,0,0,NoBug
070f75a3a577d2703e77fac45710686dc1cd8a99,com.thinkaurelius.titan.example.GraphOfTheGodsFactory.load(Lcom/thinkaurelius/titan/core/TitanGraph;)V,0.255539,1,1,1,0.212121,0.239437,21,17,1013.53,4.0,10223.5,471.05,355,147,567.974,2555.88,60.9146,35.6226,29.7915,17.4219,1,0,0,1,0,0.0533333,4,0,0.0533333,4,71,99,68,1,71,99,68,0,0,0,33,0,0,0,0,0,0,0,0,0,0,0,0,0,0,0,0,0,0,0,0,0,0,0,0,0,0,0,11,0,22,0,NoBug
ed88d7286080492045efafb45a69fa4cb6eeb94d,com.thinkaurelius.titan.util.interval.DoesNotExist.endInclusive()Z,0.0,0,0,0,0.0,0.0,0,0,13.6096,2.5,49.1287,13.414,7,7,2.72937,19.6515,132.826,77.6758,116.028,67.8525,1,0,0,0,0,0.0,0,0,0.0,0,4,4,1,0,4,4,1,0,0,0,0,0,0,0,0,0,0,0,0,0,0,0,0,0,0,0,0,0,0,0,0,0,0,0,0,0,0,0,0,0,0,0,NoBug
ed88d7286080492045efafb45a69fa4cb6eeb94d,com.thinkaurelius.titan.graphdb.transaction.InMemoryTitanGraph.getRawNeighborhood(LAtomicQuery;LInternalTitanTransaction;)LAbstractLongList;,0.0,0,0,0,0.0,0.0,0,0,46.0537,5.5,322.318,47.01,15,15,17.9066,58.6034,123.529,72.2392,102.616,60.0091,1,0,0,0,0,0.0,0,0,0.0,0,5,5,1,2,5,5,1,0,0,0,0,0,0,0,0,0,0,0,0,0,0,0,0,0,0,0,0,0,0,0,0,0,0,0,0,0,0,0,0,0,0,0,NoBug
ed88d7286080492045efafb45a69fa4cb6eeb94d,com.thinkaurelius.titan.graphdb.query.SimpleAtomicQuery.has(LTitanKey;LT;LQuery.Compare;)LAtomicQuery;,0.0,0,0,0,0.0,0.0,0,0,353.294,71.7188,73523.8,1755.03,169,67,4084.66,1025.17,83.0355,48.5588,70.4719,41.2116,8,2,2,1,6,0.12,3,0,0.12,3,22,25,20,3,22,25,20,0,0,0,0,6,0,0,6,0,0,0,0,0,0,0,0,0,0,0,0,0,0,0,0,0,0,0,0,0,0,0,0,0,0,0,NoBug
560c02dc92a77b07cd3fead1f073c16b948eb2be,com.thinkaurelius.titan.diskstorage.keycolumnvalue.inmemory.InMemoryKeyColumnValueStore$1$1.apply(Ljava/util/Map$Entry;)Z,0.0,0,0,0,0.0,0.0,0,0,74.2418,11.3333,1126.58,108.27,23,20,62.5879,99.4043,124.396,72.7463,103.867,60.7408,1,0,0,0,0,0.0,0,0,0.0,0,4,4,1,1,4,4,1,0,0,0,0,0,0,0,0,0,0,0,0,0,0,0,0,0,0,0,0,0,0,0,0,0,0,0,0,0,0,0,0,0,0,0,NoBug
9a49faa3669fc2c03e458c7999ecf095e0b0725d,com.thinkaurelius.titan.diskstorage.IDAuthorityTest.testManyThreadsOneIDAuthority()V,0.0,0,0,0,0.0,0.0,0,0,190.75,12.0,6381.29,344.037,98,43,354.516,531.774,83.8211,49.0182,60.1668,35.1853,5,2,2,0,0,0.0357143,1,0,0.0222222,1,27,35,22,0,44,53,32,0,0,0,14,4,0,0,1,0,0,0,0,0,2,0,0,2,0,1,0,0,0,0,0,0,0,0,0,0,0,0,0,0,12,0,NoBug
ed88d7286080492045efafb45a69fa4cb6eeb94d,com.thinkaurelius.titan.graphdb.types.manager.StandardTypeFactory.createExistingType(JLcom/thinkaurelius/titan/graphdb/types/manager/TypeInformation;Lcom/thinkaurelius/titan/graphdb/transaction/InternalTitanTransaction;)Lcom/thinkaurelius/titan/graphdb/types/InternalTitanType;,0.0,0,0,0,0.0,0.0,0,0,262.237,65.2941,70642.9,1708.88,188,54,3924.61,1081.92,85.4494,49.9704,47.882,28.0012,3,2,1,0,9,0.0,0,0,0.0,0,20,21,17,3,20,21,17,0,0,0,0,1,0,0,1,0,0,0,0,0,0,0,0,0,0,0,0,0,0,0,0,0,0,0,0,0,0,0,0,0,0,0,NoBug
7720850da32092290f6ee0e375eb22cb367a3310,com.thinkaurelius.faunus.mapreduce.util.ElementCheckerTest.testEqual()V,1.0,1,1,1,1.0,1.0,14,11,112.106,9.75,3552.4,232.817,75,29,197.355,364.349,101.254,59.2128,70.4795,41.2161,1,0,0,0,4,0.0,0,0,0.0,0,11,14,9,0,11,14,9,0,0,0,1,4,0,0,0,0,0,0,0,0,0,0,0,0,0,4,0,0,0,0,0,0,0,0,0,0,0,0,1,0,0,0,NoBug
ed88d7286080492045efafb45a69fa4cb6eeb94d,com.thinkaurelius.titan.graphdb.query.SimpleAtomicQuery.inMemory()Lcom/thinkaurelius/titan/graphdb/query/SimpleAtomicQuery;,0.0,0,0,0,0.0,0.0,0,0,28.7549,4.0,179.89,31.8668,13,11,9.99391,44.9726,124.906,73.0442,104.602,61.1706,1,0,0,0,0,0.0,0,0,0.0,0,5,5,2,0,5,5,2,0,0,0,0,0,0,0,0,0,0,0,0,0,0,0,0,0,0,0,0,0,0,0,0,0,0,0,0,0,0,0,0,0,0,0,NoBug
ed88d7286080492045efafb45a69fa4cb6eeb94d,com.thinkaurelius.titan.graphdb.relations.LabeledTitanEdge.loadedEdges(Lcom/thinkaurelius/titan/graphdb/query/AtomicQuery;)V,0.0,0,0,0,0.0,0.0,0,0,37.9742,5.0,240.529,38.6763,13,13,13.3627,48.1057,128.17,74.9534,109.312,63.925,1,0,0,0,0,0.0,0,0,0.0,0,4,4,1,1,4,4,1,0,0,0,0,0,0,0,0,0,0,0,0,0,0,0,0,0,0,0,0,0,0,0,0,0,0,0,0,0,0,0,0,0,0,0,NoBug
442f468a5b0c962b5c087baa682302976a08cbb8,com.thinkaurelius.titan.diskstorage.Backend.getMetricsPrefix(Ljava/lang/String;)Ljava/lang/String;,0.0,0,0,0,0.0,0.0,0,0,31.2611,4.2,210.796,35.4194,14,12,11.7109,50.1895,132.38,77.4154,115.487,67.5364,2,0,0,1,0,0.0,0,0,0.0,0,3,3,1,1,3,3,1,0,0,0,0,0,0,0,0,0,0,0,0,0,0,0,0,0,0,0,0,0,0,0,0,0,0,0,0,0,0,0,0,0,0,0,NoBug
ed88d7286080492045efafb45a69fa4cb6eeb94d,com.thinkaurelius.titan.graphdb.query.EmptyAtomicQuery.getDirectionCondition()LDirection;,0.0,0,0,0,0.0,0.0,0,0,28.5293,4.5,149.487,28.1666,10,10,8.30482,33.2193,130.096,76.0794,112.089,65.5494,1,0,0,0,0,0.0,0,0,0.0,0,4,4,1,0,4,4,1,0,0,0,0,0,0,0,0,0,0,0,0,0,0,0,0,0,0,0,0,0,0,0,0,0,0,0,0,0,0,0,0,0,0,0,NoBug
560c02dc92a77b07cd3fead1f073c16b948eb2be,com.thinkaurelius.titan.diskstorage.idmanagement.ConsistentKeyIDManager.getIDBlock(I)[J,0.0,0,0,0,0.0,0.0,0,0,874.261,84.0938,254328.0,4014.18,423,142,14129.4,3024.34,57.5188,33.6367,37.8861,22.1556,15,6,6,0,17,0.160494,13,0,0.160494,13,68,95,55,1,68,95,55,0,0,0,2,12,0,1,12,0,0,0,0,0,0,0,0,0,0,0,0,0,0,0,0,0,0,0,0,0,0,1,0,0,0,0,NoBug
ed88d7286080492045efafb45a69fa4cb6eeb94d,com.thinkaurelius.titan.graphdb.query.SimpleAtomicQuery.queryAll(Lcom/thinkaurelius/titan/graphdb/vertices/InternalTitanVertex;)Lcom/thinkaurelius/titan/graphdb/query/SimpleAtomicQuery;,0.0,0,0,0,0.0,0.0,0,0,45.0195,9.0,582.525,69.7498,17,14,32.3625,64.725,131.288,76.7764,113.809,66.555,1,0,0,2,2,0.0,0,0,0.0,0,3,3,1,1,3,3,1,0,0,0,0,0,0,0,0,0,0,0,0,0,0,0,0,0,0,0,0,0,0,0,0,0,0,0,0,0,0,0,0,0,0,0,NoBug
cf981127bcf88a6f6b6c160104ce6e97c2c37554,com.thinkaurelius.titan.graphdb.transaction.indexcache.ConcurrentIndexCache.<init>()V,0.0,0,0,0,0.0,0.0,0,0,17.5098,3.0,90.0,20.083,10,8,5.0,30.0,135.286,79.1148,119.578,69.9285,1,0,0,1,0,0.0,0,0,0.0,0,3,3,1,0,3,3,1,0,0,0,0,0,0,0,0,0,0,0,0,0,0,0,0,0,0,0,0,0,0,0,0,0,0,0,0,0,0,0,0,0,0,0,NoBug
ed88d7286080492045efafb45a69fa4cb6eeb94d,com.thinkaurelius.titan.graphdb.query.ComplexTitanQuery.<init>(Ljava/util/List;)V,0.0,0,0,0,0.0,0.0,0,0,47.7744,12.0,1125.18,108.181,24,15,62.5102,93.7654,121.085,70.8099,99.0897,57.9472,1,0,0,1,0,0.0,0,0,0.0,0,5,5,3,1,5,5,3,0,0,0,0,0,0,0,0,0,0,0,0,0,0,0,0,0,0,0,0,0,0,0,0,0,0,0,0,0,0,0,0,0,0,0,NoBug
ed88d7286080492045efafb45a69fa4cb6eeb94d,com.thinkaurelius.titan.graphdb.query.EmptyAtomicQuery.keys([Ljava/lang/String;)Lcom/thinkaurelius/titan/core/TitanQuery;,0.0,0,0,0,0.0,0.0,0,0,26.0,4.0,132.877,26.0396,10,10,7.38206,33.2193,130.096,76.0794,112.089,65.5494,1,0,0,0,0,0.0,0,0,0.0,0,4,4,1,1,4,4,1,0,0,0,0,0,0,0,0,0,0,0,0,0,0,0,0,0,0,0,0,0,0,0,0,0,0,0,0,0,0,0,0,0,0,0,NoBug
ed88d7286080492045efafb45a69fa4cb6eeb94d,com.thinkaurelius.titan.graphdb.query.SimpleAtomicQuery.withPropertyConstraint(Lcom/thinkaurelius/titan/core/TitanType;Ljava/lang/Object;)Lcom/thinkaurelius/titan/graphdb/query/AtomicQuery;,0.0,0,0,0,0.0,0.0,0,0,169.411,33.8333,13494.2,566.801,76,38,749.676,398.842,101.638,59.4372,71.3385,41.7184,4,2,2,2,1,0.0,0,0,0.0,0,10,10,9,2,10,10,9,0,0,0,0,5,0,0,5,0,0,0,0,0,0,0,0,0,0,0,0,0,0,0,0,0,0,0,0,0,0,0,0,0,0,0,NoBug
ed88d7286080492045efafb45a69fa4cb6eeb94d,com.thinkaurelius.titan.graphdb.query.ComplexTitanQuery.flattenQuery(Ljava/util/List;)V,0.0,0,0,0,0.0,0.0,0,0,133.821,33.8,9544.75,449.963,57,31,530.264,282.389,103.203,60.3526,96.2137,56.2653,5,4,2,1,0,0.0909091,1,0,0.0909091,1,10,11,7,1,10,11,7,0,0,0,1,1,0,1,1,0,0,0,0,0,0,1,0,0,0,0,0,0,0,0,0,0,0,0,0,0,0,0,0,0,0,0,NoBug
5f904d746f517fc714368c0258df4fd545e3829f,com.thinkaurelius.titan.graphdb.relations.CacheEdge.getVertexCentricDirection()LDirection;,0.0,0,0,0,0.0,0.0,0,0,24.4064,3.5,127.894,25.3844,11,10,7.10523,36.5412,134.261,78.515,118.098,69.0632,1,0,0,1,1,0.0,0,0,0.0,0,3,3,1,0,3,3,1,0,0,0,0,0,0,0,0,0,0,0,0,0,0,0,0,0,0,0,0,0,0,0,0,0,0,0,0,0,0,0,0,0,0,0,NoBug
ac746d5753151c1904efda645429fca6a9086231,com.thinkaurelius.titan.graphdb.TitanGraphTest.testSelfLoop()V,0.0,0,0,0,0.0,0.0,0,0,92.5293,7.875,2450.21,181.748,67,25,136.123,311.138,99.3686,58.1103,67.7595,39.6255,1,0,0,0,2,0.0,0,0,0.0,0,13,13,10,0,13,13,10,0,0,0,1,7,0,0,0,0,0,0,0,0,0,0,0,0,0,7,0,0,0,0,0,0,0,0,0,0,0,0,1,0,0,0,NoBug
55d73740c60812fa57864c07f01e08b09a4504f4,com.thinkaurelius.titan.graphdb.database.IndexSerializer.removeKeyValue(Lcom/thinkaurelius/titan/core/TitanElement;Lcom/thinkaurelius/titan/core/TitanKey;Ljava/lang/String;Lcom/thinkaurelius/titan/diskstorage/BackendTransaction;)V,0.0,0,0,0,0.0,0.0,0,0,79.5098,18.6667,3496.19,230.355,42,22,194.233,187.296,121.102,70.8199,99.1143,57.9616,1,0,0,2,7,0.0,0,0,0.0,0,4,4,2,4,4,4,2,0,0,0,0,0,0,0,0,0,0,0,0,0,0,0,0,0,0,0,0,0,0,0,0,0,0,0,0,0,0,0,0,0,0,0,NoBug
598e12b21c73c1eb837031f2bee0398c08ad9d09,com.thinkaurelius.titan.graphdb.database.idassigner.StandardIDPool.close()V,0.0,0,0,0,0.0,0.0,0,0,84.9966,9.91667,1300.9,119.169,29,23,72.2723,131.183,107.88,63.0876,80.1405,46.8658,2,1,1,1,2,0.0,0,0,0.0,0,10,10,5,0,10,10,5,0,0,0,0,1,0,0,0,0,0,0,0,0,1,0,0,0,0,0,0,0,0,0,0,0,0,0,0,0,0,0,0,0,0,0,NoBug
ed88d7286080492045efafb45a69fa4cb6eeb94d,com.thinkaurelius.titan.util.interval.IntervalUtil.getInterval(LV;LQuery.Compare;)LAtomicInterval;,0.0,0,0,0,0.0,0.0,0,0,269.418,22.5,17509.2,674.286,134,56,972.732,778.186,83.7488,48.9759,45.9376,26.8641,8,2,2,1,3,0.0,0,0,0.0,0,23,23,14,2,23,23,14,0,0,0,1,2,0,0,2,0,0,0,0,0,0,0,0,0,0,0,0,0,0,0,0,0,0,0,0,0,0,0,1,0,0,0,NoBug
070f75a3a577d2703e77fac45710686dc1cd8a99,com.thinkaurelius.titan.graphdb.TitanIndexTest.testConditionalIndexing()V,0.883576,4,14,7,0.768362,0.828767,136,121,2032.33,101.189,1499320.0,13099.8,1825,278,83295.8,14817.1,38.0272,22.2381,2.29829,1.34403,10,1,1,0,30,0.0875,14,3,0.0875,14,146,177,114,0,146,177,114,0,6,0,5,26,0,6,1,0,0,0,0,0,0,6,0,0,0,25,0,0,0,0,0,0,0,0,0,0,0,0,5,0,0,0,NoBug
5f904d746f517fc714368c0258df4fd545e3829f,com.thinkaurelius.titan.graphdb.query.SimpleVertexQueryProcessor.iterator()Ljava/util/Iterator;,0.0,0,0,0,0.0,0.0,0,0,103.848,23.1,5754.75,321.133,53,26,319.708,249.123,97.7463,57.1616,65.6227,38.3758,3,1,1,0,3,0.0,0,0,0.0,0,15,15,8,0,19,19,9,0,0,0,0,1,0,0,0,0,0,0,0,0,1,0,0,0,0,0,0,0,0,0,0,0,0,0,0,0,0,0,0,0,0,0,NoBug
ed88d7286080492045efafb45a69fa4cb6eeb94d,com.thinkaurelius.titan.graphdb.query.EmptyAtomicQuery.interval(Ljava/lang/String;Ljava/lang/Comparable;Ljava/lang/Comparable;)Lcom/thinkaurelius/titan/core/TitanQuery;,0.0,0,0,0,0.0,0.0,0,0,49.6634,5.5,418.0,55.905,19,16,23.2222,76.0,125.792,73.5627,105.881,61.9186,1,0,0,0,0,0.0,0,0,0.0,0,4,4,1,3,4,4,1,0,0,0,0,0,0,0,0,0,0,0,0,0,0,0,0,0,0,0,0,0,0,0,0,0,0,0,0,0,0,0,0,0,0,0,NoBug
ed88d7286080492045efafb45a69fa4cb6eeb94d,com.thinkaurelius.titan.graphdb.query.DisjunctiveQueryIterable.<init>(Ljava/util/List;Ljava/lang/Class;)V,0.0,0,0,0,0.0,0.0,0,0,44.8289,7.0,629.009,73.4128,23,15,34.945,89.8585,124.921,73.0533,104.624,61.1837,1,0,0,4,0,0.0,0,0,0.0,0,4,4,2,2,4,4,2,0,0,0,0,0,0,0,0,0,0,0,0,0,0,0,0,0,0,0,0,0,0,0,0,0,0,0,0,0,0,0,0,0,0,0,NoBug
3b4dd304515746e895b4ea7cd1728c0bcfd5d460,com.thinkaurelius.titan.diskstorage.es.ElasticSearchConfigTest.testLocalNodeUsingYaml()V,0.0,0,0,0,0.0,0.0,0,0,86.1595,5.5,1437.39,127.365,57,24,79.8548,261.343,99.0749,57.9386,67.3359,39.3777,1,0,0,0,0,0.0,0,0,0.0,0,14,18,10,0,14,18,10,0,0,0,4,3,0,0,0,0,0,0,0,0,0,0,0,0,0,3,0,0,0,0,0,0,0,0,0,0,0,0,0,0,4,0,NoBug
d39591ed87e4e2f0c854e1e9942af37cd070e2e5,com.thinkaurelius.titan.graphdb.relations.StandardProperty.setPreviousID(J)V,0.0,0,0,0,0.0,0.0,0,0,44.8289,8.0,750.123,82.5572,24,15,41.6735,93.7654,118.131,69.0827,94.8285,55.4553,1,0,0,1,0,0.0,0,0,0.0,0,6,6,3,1,6,6,3,0,0,0,0,0,0,0,0,0,0,0,0,0,0,0,0,0,0,0,0,0,0,0,0,0,0,0,0,0,0,0,0,0,0,0,NoBug
ed88d7286080492045efafb45a69fa4cb6eeb94d,com.thinkaurelius.titan.graphdb.query.EmptyAtomicQuery.relations()Ljava/lang/Iterable;,0.0,0,0,0,0.0,0.0,0,0,40.0537,5.5,264.581,41.2135,13,13,14.699,48.1057,128.17,74.9534,109.312,63.925,1,0,0,0,1,0.0,0,0,0.0,0,4,4,1,0,4,4,1,0,0,0,0,0,0,0,0,0,0,0,0,0,0,0,0,0,0,0,0,0,0,0,0,0,0,0,0,0,0,0,0,0,0,0,NoBug
ed88d7286080492045efafb45a69fa4cb6eeb94d,com.thinkaurelius.titan.graphdb.query.DisjunctiveQueryIterable.iterator()Ljava/util/Iterator;,0.0,0,0,0,0.0,0.0,0,0,63.3582,10.0,1042.48,102.812,25,18,57.9156,104.248,120.304,70.3531,98.0646,57.3477,2,1,1,0,1,0.0,0,0,0.0,0,5,5,3,0,5,5,3,0,0,0,0,2,0,0,1,0,0,0,0,0,1,0,0,0,0,0,0,0,0,0,0,0,0,0,0,0,0,0,0,0,0,0,NoBug
33a560db97bf3187ac45d1fe4fdf2e6b817bec40,com.thinkaurelius.titan.graphdb.relations.AttributeUtil.prepareAttribute(Ljava/lang/Object;Ljava/lang/Class;)Ljava/lang/Object;,0.0,0,0,0,0.0,0.0,0,0,487.957,93.5862,223066.0,3678.08,369,88,12392.5,2383.53,69.1128,40.4169,27.0625,15.826,30,12,4,1,5,0.0,0,0,0.0,0,29,29,33,2,29,29,33,0,0,0,0,15,0,1,13,0,0,0,0,0,1,0,0,0,0,0,0,0,0,0,0,0,0,0,0,0,0,0,0,0,0,0,NoBug
26bbee89f169c89334baf92b54894fa17230d5d4,com.thinkaurelius.titan.graphdb.transaction.StandardPersistTitanTx.isDeletedRelation(Lcom/thinkaurelius/titan/graphdb/relations/InternalRelation;)Z,0.0,0,0,0,0.0,0.0,0,0,88.7106,19.0,3609.8,235.318,42,23,200.545,189.99,113.769,66.5317,88.8408,51.9537,4,2,1,0,5,0.0,0,0,0.0,0,6,6,5,1,6,6,5,0,0,0,0,3,0,0,2,0,0,0,0,0,1,0,0,0,0,0,0,0,0,0,0,0,0,0,0,0,0,0,0,0,0,0,NoBug
0d269e350f01e145b0eec0157b9c45274b2023f7,com.thinkaurelius.titan.graphdb.configuration.TinkerpopFeaturesTest.testEdgeFeatures()V,0.0,0,0,0,0.0,0.0,0,0,28.7549,12.0,1369.93,123.348,33,11,76.1075,114.161,107.289,62.7418,79.1856,46.3074,1,0,0,0,0,0.0,0,0,0.0,0,11,11,7,0,11,11,7,0,0,0,0,7,0,0,0,0,0,0,0,0,0,0,0,0,0,7,0,0,0,0,0,0,0,0,0,0,0,0,0,0,0,0,NoBug
55d73740c60812fa57864c07f01e08b09a4504f4,com.thinkaurelius.titan.graphdb.TitanEventualGraphTest.concurrentIndexTest()V,0.0,0,0,0,0.0,0.0,0,0,238.308,19.76,15243.8,614.794,136,51,846.88,771.45,92.3286,53.9933,76.4874,44.7294,1,0,0,0,12,0.0625,1,0,0.0625,1,15,21,12,0,15,21,12,0,0,0,2,1,0,0,0,0,0,0,0,0,0,0,0,0,0,1,0,0,0,0,0,0,0,0,0,0,0,0,1,0,1,0,NoBug
8ed7a34830b0a78e03142c2f4be6ea9d63b30fa8,com.thinkaurelius.titan.graphdb.database.idassigner.StandardIDPool$IDBlockGetter.stopRequested()V,0.0,0,0,0,0.0,0.0,0,0,20.2647,3.0,85.588,19.4212,9,9,4.75489,28.5293,130.887,76.5422,113.231,66.2171,1,0,0,1,0,0.0,0,0,0.0,0,4,4,1,0,4,4,1,0,0,0,0,0,0,0,0,0,0,0,0,0,0,0,0,0,0,0,0,0,0,0,0,0,0,0,0,0,0,0,0,0,0,0,NoBug
d39591ed87e4e2f0c854e1e9942af37cd070e2e5,com.thinkaurelius.titan.graphdb.relations.StandardEdge.getPropertyDirect(Lcom/thinkaurelius/titan/core/TitanType;)Ljava/lang/Object;,0.0,0,0,0,0.0,0.0,0,0,46.0537,6.875,456.618,59.2974,17,15,25.3677,66.4171,126.493,73.9725,106.892,62.5099,1,0,0,0,0,0.0,0,0,0.0,0,4,4,1,1,4,4,1,0,0,0,0,0,0,0,0,0,0,0,0,0,0,0,0,0,0,0,0,0,0,0,0,0,0,0,0,0,0,0,0,0,0,0,NoBug
cf981127bcf88a6f6b6c160104ce6e97c2c37554,com.thinkaurelius.titan.graphdb.transaction.StandardTitanTx$6$1.apply(Lcom/thinkaurelius/titan/graphdb/internal/InternalRelation;)Z,0.0,0,0,0,0.0,0.0,0,0,42.8086,7.33333,474.65,60.8484,17,14,26.3695,64.725,126.627,74.051,107.085,62.6231,1,0,0,0,0,0.0,0,0,0.0,0,4,4,1,1,4,4,1,0,0,0,0,0,0,0,0,0,0,0,0,0,0,0,0,0,0,0,0,0,0,0,0,0,0,0,0,0,0,0,0,0,0,0,NoBug
0d269e350f01e145b0eec0157b9c45274b2023f7,com.thinkaurelius.titan.graphdb.tinkerpop.TitanFeatures$TitanVertexFeatures.supportsNumericIds()Z,0.0,0,0,0,0.0,0.0,0,0,13.6096,2.5,49.1287,13.414,7,7,2.72937,19.6515,129.211,75.5618,110.813,64.8027,1,0,0,0,0,0.0,0,0,0.0,0,5,5,1,0,5,5,1,0,0,0,0,0,0,0,0,0,0,0,0,0,0,0,0,0,0,0,0,0,0,0,0,0,0,0,0,0,0,0,0,0,0,0,NoBug
b55f4f332ee7c5c47295db46ffac2d2355968f79,com.thinkaurelius.titan.graphdb.transaction.AbstractTitanTx.isDeletedVertex(J)Z,0.0,0,0,0,0.0,0.0,0,0,59.7154,10.4,1040.81,102.703,24,18,57.823,100.078,124.131,72.5913,103.586,60.5767,2,0,0,1,2,0.0,0,0,0.0,0,4,4,2,1,4,4,2,0,0,0,0,0,0,0,0,0,0,0,0,0,0,0,0,0,0,0,0,0,0,0,0,0,0,0,0,0,0,0,0,0,0,0,NoBug
1c0f0f651f910b8d982d09baf9a3dc355be2319b,com.thinkaurelius.titan.diskstorage.es.ElasticSearchConfigTest.testTransportClient()V,0.29771,1,2,1,0.407407,0.375,11,9,96.2114,6.5,2108.15,164.412,69,26,117.119,324.33,88.9904,52.0411,68.134,39.8444,2,1,1,0,0,0.04,1,0,0.04,1,24,27,19,0,24,27,19,0,0,0,7,1,0,2,0,0,0,0,0,0,0,0,0,1,0,0,0,0,0,0,0,0,0,0,0,0,0,0,0,0,5,0,NoBug
5f904d746f517fc714368c0258df4fd545e3829f,com.thinkaurelius.titan.graphdb.query.SimpleVertexQueryProcessor$1.apply(Lcom/thinkaurelius/titan/diskstorage/keycolumnvalue/Entry;)Z,0.0,0,0,0,0.0,0.0,0,0,46.0537,6.875,429.758,56.9486,16,15,23.8754,62.5103,126.808,74.1569,107.347,62.7758,1,0,0,0,1,0.0,0,0,0.0,0,4,4,1,1,4,4,1,0,0,0,0,0,0,0,0,0,0,0,0,0,0,0,0,0,0,0,0,0,0,0,0,0,0,0,0,0,0,0,0,0,0,0,NoBug
ed88d7286080492045efafb45a69fa4cb6eeb94d,com.thinkaurelius.titan.graphdb.relations.AttributeUtil.checkAttributeType(Lcom/thinkaurelius/titan/core/TitanKey;Ljava/lang/Object;)V,0.0,0,0,0,0.0,0.0,0,0,101.948,23.3333,5374.17,306.813,49,26,298.565,230.322,108.568,63.4899,81.133,47.4462,2,1,1,3,2,0.0,0,0,0.0,0,8,8,3,2,8,8,3,0,0,0,0,0,0,0,0,0,0,0,0,0,0,0,0,0,0,0,0,0,0,0,0,0,0,0,0,0,0,0,0,0,0,0,NoBug
4d4700f2228f768450954df98aa8af68df125e2f,com.thinkaurelius.titan.graphdb.TitanIndexTest.assertGraphOfTheGods(Lcom/thinkaurelius/titan/core/TitanGraph;)V,0.0,0,0,0,0.0,0.0,0,0,62.671,3.5,535.239,65.9222,36,19,29.7355,152.925,109.019,63.7539,81.6825,47.7675,1,0,0,0,0,0.0,0,0,0.0,0,9,9,7,1,9,9,7,0,0,0,3,2,0,0,0,0,0,0,0,0,0,0,0,0,0,2,0,0,0,0,0,0,0,0,0,0,0,0,2,0,1,0,NoBug
55d73740c60812fa57864c07f01e08b09a4504f4,com.thinkaurelius.titan.graphdb.thrift.InternalCassandraEventualGraphTest.<init>()V,0.0,0,0,0,0.0,0.0,0,0,30.5293,4.5,202.377,34.4699,13,11,11.2432,44.9726,133.181,77.8836,116.541,68.1524,1,0,0,0,2,0.0,0,0,0.0,0,3,3,1,0,3,3,1,0,0,0,0,0,0,0,0,0,0,0,0,0,0,0,0,0,0,0,0,0,0,0,0,0,0,0,0,0,0,0,0,0,0,0,NoBug
376bad20b40a842876fbda80efd2583266c88cfe,com.thinkaurelius.titan.graphdb.relations.CacheEdge.<init>(JLcom/thinkaurelius/titan/core/EdgeLabel;Lcom/thinkaurelius/titan/graphdb/internal/InternalVertex;Lcom/thinkaurelius/titan/graphdb/internal/InternalVertex;Lcom/thinkaurelius/titan/diskstorage/Entry;)V,0.0,0,0,0,0.0,0.0,0,0,62.671,6.0,611.702,72.0598,24,19,33.9834,101.95,120.65,70.5554,98.4618,57.58,1,0,0,0,0,0.0,0,0,0.0,0,5,6,3,5,5,6,3,0,0,0,0,0,0,0,0,0,0,0,0,0,0,0,0,0,0,0,0,0,0,0,0,0,0,0,0,0,0,0,0,0,0,0,NoBug
8ed7a34830b0a78e03142c2f4be6ea9d63b30fa8,com.thinkaurelius.titan.graphdb.database.idassigner.StandardIDPool.waitForIDBlockGetter()V,0.0,0,0,0,0.0,0.0,0,0,370.18,43.24,46003.3,1283.89,173,71,2555.74,1063.91,76.0441,44.4702,56.5467,33.0683,9,5,5,2,5,0.0833333,3,0,0.0833333,3,33,36,19,0,33,36,19,0,0,0,0,3,0,0,2,0,0,0,0,0,1,0,0,0,0,0,0,0,0,0,0,0,0,0,0,0,0,0,0,0,0,0,NoBug
7720850da32092290f6ee0e375eb22cb367a3310,com.thinkaurelius.faunus.FaunusPipeline.hasNot(Ljava/lang/String;[Ljava/lang/Object;)Lcom/thinkaurelius/faunus/FaunusPipeline;,0.0,0,0,0,0.0,0.0,0,0,75.6096,14.4,2213.73,169.857,35,21,122.985,153.731,126.559,74.0114,155.215,90.7693,2,0,0,0,1,0.7,7,7,0.7,7,3,3,1,2,3,3,1,0,0,0,0,0,0,0,0,0,0,0,0,0,0,0,0,0,0,0,0,0,0,0,0,0,0,0,0,0,0,0,0,0,0,0,NoBug
cf981127bcf88a6f6b6c160104ce6e97c2c37554,com.thinkaurelius.titan.graphdb.transaction.indexcache.SimpleIndexCache.remove(Lcom/thinkaurelius/titan/core/TitanProperty;)V,0.0,0,0,0,0.0,0.0,0,0,28.7549,6.66667,322.88,47.0646,14,11,17.9378,48.432,128.135,74.9329,109.261,63.8953,1,0,0,0,1,0.0,0,0,0.0,0,4,4,1,1,4,4,1,0,0,0,0,0,0,0,0,0,0,0,0,0,0,0,0,0,0,0,0,0,0,0,0,0,0,0,0,0,0,0,0,0,0,0,NoBug
ed88d7286080492045efafb45a69fa4cb6eeb94d,com.thinkaurelius.titan.graphdb.query.EmptyAtomicQuery.hasEdgeTypeCondition()Z,0.0,0,0,0,0.0,0.0,0,0,13.6096,2.5,49.1287,13.414,7,7,2.72937,19.6515,132.826,77.6758,116.028,67.8525,1,0,0,0,0,0.0,0,0,0.0,0,4,4,1,0,4,4,1,0,0,0,0,0,0,0,0,0,0,0,0,0,0,0,0,0,0,0,0,0,0,0,0,0,0,0,0,0,0,0,0,0,0,0,NoBug
ed88d7286080492045efafb45a69fa4cb6eeb94d,com.thinkaurelius.titan.graphdb.relations.LabeledTitanEdge.getPropertyCount()J,0.0,0,0,0,0.0,0.0,0,0,43.0195,6.0,310.837,45.8869,14,13,17.2687,51.8062,127.785,74.7281,153.212,89.5979,1,0,0,0,2,0.5,4,4,0.5,4,4,4,1,0,4,4,1,0,0,0,0,0,0,0,0,0,0,0,0,0,0,0,0,0,0,0,0,0,0,0,0,0,0,0,0,0,0,0,0,0,0,0,NoBug
598e12b21c73c1eb837031f2bee0398c08ad9d09,com.thinkaurelius.titan.graphdb.database.idassigner.StandardIDPool.nextBlock()V,0.0,0,0,0,0.0,0.0,0,0,275.792,26.8269,20655.2,752.811,132,57,1147.51,769.941,85.7379,50.1391,48.6037,28.4232,6,1,1,1,4,0.0,0,0,0.0,0,21,29,16,0,21,29,16,0,0,0,0,3,0,0,2,0,0,0,0,0,1,0,0,0,0,0,0,0,0,0,0,0,0,0,0,0,0,0,0,0,0,0,NoBug
4d4700f2228f768450954df98aa8af68df125e2f,com.thinkaurelius.titan.graphdb.transaction.StandardTitanTx$VertexConstructor.get(Ljava/lang/Long;)Lcom/thinkaurelius/titan/graphdb/internal/InternalVertex;,0.0,0,0,0,0.0,0.0,0,0,130.292,10.5,6457.5,346.771,123,32,358.75,615.0,74.8079,43.7473,45.8767,26.8285,15,5,3,0,0,0.025,1,0,0.025,1,39,42,29,1,39,42,29,0,0,0,3,6,0,1,4,0,0,0,0,0,1,0,0,0,0,0,0,0,0,0,0,0,0,0,0,0,0,0,0,0,3,0,NoBug
070f75a3a577d2703e77fac45710686dc1cd8a99,com.thinkaurelius.titan.graphdb.TitanGraphTest.testEdgeTTLLimitedByVertexTTL()V,0.285714,1,3,3,0.333333,0.375,33,30,351.68,8.5,14024.8,581.564,272,67,779.155,1649.98,60.5669,35.4192,36.7735,21.505,4,1,1,0,0,0.111111,10,0,0.111111,10,80,99,73,0,80,99,73,0,0,0,18,38,0,1,0,0,0,0,0,0,0,1,0,9,0,29,0,0,0,0,0,0,0,0,0,0,0,0,0,1,16,0,NoBug
ed88d7286080492045efafb45a69fa4cb6eeb94d,com.thinkaurelius.titan.graphdb.query.SimpleAtomicQuery.hasEdgeTypeCondition()Z,0.0,0,0,0,0.0,0.0,0,0,20.2647,3.0,85.588,19.4212,9,9,4.75489,28.5293,130.887,76.5422,157.688,92.2151,1,0,0,1,0,0.5,4,4,0.5,4,4,4,1,0,4,4,1,0,0,0,0,0,0,0,0,0,0,0,0,0,0,0,0,0,0,0,0,0,0,0,0,0,0,0,0,0,0,0,0,0,0,0,NoBug
bc1e73742882df152df3fc4e41ab3a90754e1292,com.thinkaurelius.titan.graphdb.transaction.StandardPersistTitanTx.commit()V,0.0,0,0,0,0.0,0.0,0,0,125.549,14.0,3297.43,221.539,48,30,183.191,235.531,98.038,57.3322,66.0436,38.622,3,2,2,0,8,0.0,0,0,0.0,0,15,16,9,0,15,16,9,0,0,0,0,1,0,0,0,0,0,0,0,0,1,0,0,0,0,0,0,0,0,0,0,0,0,0,0,0,0,0,0,0,0,0,NoBug
924872055980faf1f2c1545be81f247e722cc961,com.thinkaurelius.titan.graphdb.query.QueryUtil.hasFirstKeyConstraint(Lcom/thinkaurelius/titan/graphdb/query/InternalTitanQuery;)Z,0.0,0,0,0,0.0,0.0,0,0,141.863,24.1429,7185.38,372.363,59,33,399.188,297.619,111.435,65.1668,85.4735,49.9845,4,1,1,1,6,0.0,0,0,0.0,0,6,6,6,1,6,6,6,0,0,0,0,5,0,0,4,0,0,0,0,0,1,0,0,0,0,0,0,0,0,0,0,0,0,0,0,0,0,0,0,0,0,0,NoBug
55d73740c60812fa57864c07f01e08b09a4504f4,com.thinkaurelius.titan.graphdb.database.IndexSerializer.query(Ljava/lang/String;Lcom/thinkaurelius/titan/diskstorage/indexing/IndexQuery;Lcom/thinkaurelius/titan/diskstorage/BackendTransaction;)Ljava/util/List;,0.0,0,0,0,0.0,0.0,0,0,565.395,96.0,219564.0,3639.5,345,99,12198.0,2287.13,64.5102,37.7253,49.5802,28.9943,14,8,7,1,10,0.183333,11,3,0.183333,11,49,59,41,3,49,59,41,0,1,0,0,7,0,0,6,0,0,0,0,0,2,0,0,0,0,0,0,0,0,0,0,0,0,0,0,0,0,0,0,0,0,0,NoBug
b55f4f332ee7c5c47295db46ffac2d2355968f79,com.thinkaurelius.titan.graphdb.TitanGraphTest.testIteration()V,0.0,0,0,0,0.0,0.0,0,0,208.084,39.0,44807.1,1261.53,208,46,2489.29,1148.9,73.678,43.0866,31.0014,18.1295,4,2,2,0,4,0.0,0,0,0.0,0,40,44,39,0,40,44,39,0,0,0,0,15,0,0,0,0,0,0,0,0,0,0,0,0,0,15,0,0,0,0,0,0,0,0,0,0,0,0,0,0,0,0,NoBug
8ed7a34830b0a78e03142c2f4be6ea9d63b30fa8,com.thinkaurelius.titan.graphdb.database.idassigner.StandardIDPool.startIDBlockGetter()V,0.0,0,0,0,0.0,0.0,0,0,106.606,8.5,1593.64,136.435,39,28,88.5355,187.487,111.801,65.3807,119.152,69.6796,2,1,1,2,1,0.222222,2,0,0.222222,2,7,8,6,0,7,8,6,0,0,0,0,3,0,0,2,0,0,0,0,0,1,0,0,0,0,0,0,0,0,0,0,0,0,0,0,0,0,0,0,0,0,0,NoBug
43619ac420e8393b939f823bd63b99020c75e1f4,com.thinkaurelius.titan.graphdb.TitanGraphTest.testConfiguration()V,0.0,0,0,0,0.0,0.0,0,0,4.75489,1.5,12.0,5.24148,4,4,0.666667,8.0,142.159,83.1341,171.013,100.007,1,0,0,0,0,0.4,2,0,0.4,2,3,6,0,0,3,6,0,0,0,0,2,0,0,0,0,0,0,0,0,0,1,0,0,0,0,1,0,0,0,0,0,0,0,0,0,0,0,0,0,0,0,0,NoBug
1c0f0f651f910b8d982d09baf9a3dc355be2319b,com.thinkaurelius.titan.diskstorage.es.ElasticSearchConfigTest.testNetworkNodeUsingYaml()V,0.245283,1,2,1,0.366667,0.333333,11,9,118.078,6.0,2296.42,174.061,78,30,127.579,382.737,86.2212,50.4218,63.324,37.0316,2,1,1,0,0,0.0357143,1,0,0.0357143,1,27,30,20,0,27,30,20,0,0,0,5,1,0,0,0,0,0,0,0,0,0,0,0,1,0,0,0,0,0,0,0,0,0,0,0,0,0,0,0,0,5,0,NoBug
33a560db97bf3187ac45d1fe4fdf2e6b817bec40,com.thinkaurelius.titan.core.attribute.FullDouble.intValue()I,0.0,0,0,0,0.0,0.0,0,0,17.5098,3.0,81.0,18.7208,9,8,4.5,27.0,131.174,76.7098,113.645,66.4588,1,0,0,0,0,0.0,0,0,0.0,0,4,4,1,0,4,4,1,0,0,0,0,0,0,0,0,0,0,0,0,0,0,0,0,0,0,0,0,0,0,0,0,0,0,0,0,0,0,0,0,0,0,0,NoBug
ed88d7286080492045efafb45a69fa4cb6eeb94d,com.thinkaurelius.titan.graphdb.relations.LabeledTitanEdge.getProperty(Lcom/thinkaurelius/titan/core/TitanKey;Ljava/lang/Class;)Ljava/lang/Object;,1.0,1,3,1,1.0,1.0,10,10,178.935,22.4091,7155.57,371.333,60,40,397.532,319.316,103.024,60.2479,73.2368,42.8285,3,2,2,1,5,0.0,0,0,0.0,0,10,10,6,2,10,10,6,0,0,0,0,1,0,0,1,0,0,0,0,0,0,0,0,0,0,0,0,0,0,0,0,0,0,0,0,0,0,0,0,0,0,0,NoBug
ed88d7286080492045efafb45a69fa4cb6eeb94d,com.thinkaurelius.titan.graphdb.query.EmptyAtomicQuery.labels([Ljava/lang/String;)Lcom/thinkaurelius/titan/core/TitanQuery;,0.0,0,0,0,0.0,0.0,0,0,26.0,4.0,132.877,26.0396,10,10,7.38206,33.2193,130.096,76.0794,112.089,65.5494,1,0,0,0,0,0.0,0,0,0.0,0,4,4,1,1,4,4,1,0,0,0,0,0,0,0,0,0,0,0,0,0,0,0,0,0,0,0,0,0,0,0,0,0,0,0,0,0,0,0,0,0,0,0,NoBug
8844fb05759ae0d64a9afd5c53dee9dee3650d00,com.thinkaurelius.titan.graphdb.transaction.StandardTitanTx.addPropertyInternal(Lcom/thinkaurelius/titan/core/TitanVertex;Lcom/thinkaurelius/titan/core/TitanKey;Ljava/lang/Object;)Lcom/thinkaurelius/titan/core/TitanProperty;,0.0,0,0,0,0.0,0.0,0,0,274.583,64.6154,57902.5,1496.69,155,55,3216.81,896.111,81.0289,47.3853,56.701,33.1585,8,3,3,2,14,0.037037,1,0,0.037037,1,26,27,19,3,26,27,19,0,0,0,0,5,0,0,4,0,0,0,0,0,1,0,0,0,0,0,0,0,0,0,0,0,0,0,0,0,0,0,0,0,0,0,Bag
ed88d7286080492045efafb45a69fa4cb6eeb94d,com.thinkaurelius.titan.graphdb.query.SimpleAtomicQuery.group(Lcom/thinkaurelius/titan/core/TypeGroup;)Lcom/thinkaurelius/titan/graphdb/query/SimpleAtomicQuery;,0.0,0,0,0,0.0,0.0,0,0,49.6634,7.7,831.6,88.4321,27,16,46.2,108.0,112.736,65.9275,87.0446,50.9033,1,0,0,0,1,0.0,0,0,0.0,0,8,8,5,1,8,8,5,0,0,0,0,0,0,0,0,0,0,0,0,0,0,0,0,0,0,0,0,0,0,0,0,0,0,0,0,0,0,0,0,0,0,0,NoBug
ac746d5753151c1904efda645429fca6a9086231,com.thinkaurelius.titan.graphdb.database.StandardTitanGraph.save(Ljava/util/Collection;Ljava/util/Collection;Lcom/thinkaurelius/titan/graphdb/transaction/InternalTitanTransaction;)V,0.0,0,0,0,0.0,0.0,0,0,902.242,141.545,629080.0,7341.82,619,145,34948.9,4444.36,45.1303,26.392,17.4308,10.1934,42,6,6,0,32,0.102041,10,0,0.102041,10,88,109,75,3,88,109,75,0,0,0,3,17,0,0,17,0,0,0,0,0,2,0,0,0,0,0,0,0,0,0,0,0,0,0,0,0,0,1,0,0,0,0,NoBug
1bea1e5a9d3de1b8eb128dd05c237b4a1d01201a,com.thinkaurelius.titan.graphdb.blueprints.TitanBlueprintsGraph.getAutoStartTx()Lcom/thinkaurelius/titan/core/TitanTransaction;,0.0,0,0,0,0.0,0.0,0,0,98.0162,16.0556,3999.81,251.976,53,26,222.212,249.123,102.771,60.0999,72.8715,42.6149,3,1,1,16,2,0.0,0,0,0.0,0,11,11,9,0,11,11,9,0,0,0,0,2,0,0,2,0,0,0,0,0,0,0,0,0,0,0,0,0,0,0,0,0,0,0,0,0,0,0,0,0,0,0,NoBug
33a560db97bf3187ac45d1fe4fdf2e6b817bec40,com.thinkaurelius.titan.graphdb.serializer.SerializerTest.testObjectVerification()V,0.0,0,0,0,0.0,0.0,0,0,204.093,22.2353,12211.3,530.283,100,45,678.405,549.185,87.4312,51.1294,50.7412,29.6732,3,1,1,0,6,0.0,0,0,0.0,0,22,24,15,0,22,24,15,0,2,0,0,0,0,2,0,0,0,0,0,0,0,2,0,0,0,0,0,0,0,0,0,0,0,0,0,0,0,0,0,0,0,0,NoBug
ed88d7286080492045efafb45a69fa4cb6eeb94d,com.thinkaurelius.titan.graphdb.query.EmptyAtomicQuery.getLimit()J,0.0,0,0,0,0.0,0.0,0,0,13.6096,2.5,49.1287,13.414,7,7,2.72937,19.6515,132.826,77.6758,116.028,67.8525,1,0,0,0,0,0.0,0,0,0.0,0,4,4,1,0,4,4,1,0,0,0,0,0,0,0,0,0,0,0,0,0,0,0,0,0,0,0,0,0,0,0,0,0,0,0,0,0,0,0,0,0,0,0,NoBug
ed88d7286080492045efafb45a69fa4cb6eeb94d,com.thinkaurelius.titan.graphdb.query.EmptyAtomicQuery.vertexIds()Lcom/thinkaurelius/titan/graphdb/query/VertexListInternal;,0.0,0,0,0,0.0,0.0,0,0,28.5293,4.5,149.487,28.1666,10,10,8.30482,33.2193,130.096,76.0794,112.089,65.5494,1,0,0,0,1,0.0,0,0,0.0,0,4,4,1,0,4,4,1,0,0,0,0,0,0,0,0,0,0,0,0,0,0,0,0,0,0,0,0,0,0,0,0,0,0,0,0,0,0,0,0,0,0,0,NoBug
55d73740c60812fa57864c07f01e08b09a4504f4,com.thinkaurelius.titan.graphdb.database.IndexSerializer.addEdge(Lcom/thinkaurelius/titan/graphdb/internal/InternalRelation;Lcom/thinkaurelius/titan/diskstorage/BackendTransaction;)V,0.0,0,0,0,0.0,0.0,0,0,242.441,47.5,28148.7,925.35,105,50,1563.82,592.605,89.8264,52.5301,54.4004,31.8131,5,4,4,1,11,0.0,0,0,0.0,0,18,18,9,2,18,18,9,0,1,0,0,0,0,0,0,0,0,0,0,0,1,0,0,0,0,0,0,0,0,0,0,0,0,0,0,0,0,0,0,0,0,0,NoBug
cf981127bcf88a6f6b6c160104ce6e97c2c37554,com.thinkaurelius.titan.graphdb.transaction.indexcache.SimpleIndexCache.<init>()V,0.0,0,0,0,0.0,0.0,0,0,17.5098,3.0,90.0,20.083,10,8,5.0,30.0,135.286,79.1148,119.578,69.9285,1,0,0,1,0,0.0,0,0,0.0,0,3,3,1,0,3,3,1,0,0,0,0,0,0,0,0,0,0,0,0,0,0,0,0,0,0,0,0,0,0,0,0,0,0,0,0,0,0,0,0,0,0,0,NoBug
8844fb05759ae0d64a9afd5c53dee9dee3650d00,com.thinkaurelius.titan.graphdb.transaction.StandardTitanTx.addProperty(Lcom/thinkaurelius/titan/core/TitanVertex;Lcom/thinkaurelius/titan/core/TitanKey;Ljava/lang/Object;)Lcom/thinkaurelius/titan/core/TitanProperty;,0.0,0,0,0,0.0,0.0,0,0,66.6034,20.625,2716.02,194.665,31,19,150.89,131.686,119.089,69.6426,96.3118,56.3227,2,1,1,4,3,0.0,0,0,0.0,0,5,5,3,3,5,5,3,0,0,0,0,2,0,0,1,0,0,0,0,0,1,0,0,0,0,0,0,0,0,0,0,0,0,0,0,0,0,0,0,0,0,0,NoBug
ed88d7286080492045efafb45a69fa4cb6eeb94d,com.thinkaurelius.titan.graphdb.query.EmptyAtomicQuery.type(Lcom/thinkaurelius/titan/core/TitanType;)Lcom/thinkaurelius/titan/graphdb/query/AtomicQuery;,0.0,0,0,0,0.0,0.0,0,0,21.6515,3.5,99.8526,21.5232,9,9,5.54737,28.5293,130.887,76.5422,113.231,66.2171,1,0,0,0,0,0.0,0,0,0.0,0,4,4,1,1,4,4,1,0,0,0,0,0,0,0,0,0,0,0,0,0,0,0,0,0,0,0,0,0,0,0,0,0,0,0,0,0,0,0,0,0,0,0,NoBug
ed88d7286080492045efafb45a69fa4cb6eeb94d,com.thinkaurelius.titan.graphdb.query.SimpleAtomicQuery.onlyModifiable()Lcom/thinkaurelius/titan/graphdb/query/SimpleAtomicQuery;,0.0,0,0,0,0.0,0.0,0,0,24.4064,3.5,127.894,25.3844,11,10,7.10523,36.5412,125.985,73.6756,106.159,62.0814,1,0,0,0,0,0.0,0,0,0.0,0,5,5,2,0,5,5,2,0,0,0,0,0,0,0,0,0,0,0,0,0,0,0,0,0,0,0,0,0,0,0,0,0,0,0,0,0,0,0,0,0,0,0,NoBug
3b4dd304515746e895b4ea7cd1728c0bcfd5d460,com.thinkaurelius.titan.core.TitanFactory$Builder.<init>()V,0.0,0,0,0,0.0,0.0,0,0,8.0,2.0,23.2193,8.1389,5,5,1.28996,11.6096,140.223,82.0017,126.7,74.0935,1,0,0,0,0,0.0,0,0,0.0,0,3,3,1,0,3,3,1,0,0,0,0,0,0,0,0,0,0,0,0,0,0,0,0,0,0,0,0,0,0,0,0,0,0,0,0,0,0,0,0,0,0,0,NoBug
9a49faa3669fc2c03e458c7999ecf095e0b0725d,com.thinkaurelius.titan.util.stats.IntegerDoubleFrequency.<init>()V,0.0,0,0,0,0.0,0.0,0,0,10.0,2.0,41.3594,11.9596,8,6,2.29774,20.6797,132.56,77.5207,115.645,67.6288,1,0,0,0,0,0.0,0,0,0.0,0,4,4,2,0,4,4,2,0,0,0,0,0,0,0,0,0,0,0,0,0,0,0,0,0,0,0,0,0,0,0,0,0,0,0,0,0,0,0,0,0,0,0,NoBug
8e76984347ad0cc94af1cde0ecb9b018e79d526c,com.thinkaurelius.titan.graphdb.database.serialize.kryo.KryoSerializer.<init>(Ljava/util/List;ZI)V,0.0,0,0,0,0.0,0.0,0,0,64.9126,7.0,1159.68,110.381,39,19,64.4269,165.669,106.666,62.3779,100.904,59.0084,2,1,1,0,0,0.0909091,1,0,0.0909091,1,10,13,7,3,10,13,7,0,0,0,0,0,0,0,0,0,0,0,0,0,0,0,0,0,0,0,0,0,0,0,0,0,0,0,0,0,0,0,0,0,0,0,NoBug
65361de5ecc2f63e0a69dbcd1370847c800b5cc7,com.thinkaurelius.titan.diskstorage.indexing.IndexProviderTest.storeTest([Ljava/lang/String;)V,0.0,0,0,0,0.0,0.0,0,0,1410.72,37.4233,249857.0,3966.99,871,203,13880.9,6676.51,57.1682,33.4317,16.8048,9.82734,4,1,1,2,12,0.015625,1,0,0.015625,1,63,93,58,1,63,93,58,0,0,0,9,23,0,0,0,0,0,0,0,0,0,0,0,0,0,23,0,0,0,0,0,0,0,0,0,0,0,0,8,1,0,0,NoBug
ed88d7286080492045efafb45a69fa4cb6eeb94d,com.thinkaurelius.titan.util.interval.DoesNotExist.getStartPoint()Ljava/lang/Object;,0.0,0,0,0,0.0,0.0,0,0,13.6096,2.5,49.1287,13.414,7,7,2.72937,19.6515,132.826,77.6758,116.028,67.8525,1,0,0,0,0,0.0,0,0,0.0,0,4,4,1,0,4,4,1,0,0,0,0,0,0,0,0,0,0,0,0,0,0,0,0,0,0,0,0,0,0,0,0,0,0,0,0,0,0,0,0,0,0,0,NoBug
cf981127bcf88a6f6b6c160104ce6e97c2c37554,com.thinkaurelius.titan.graphdb.transaction.indexcache.SimpleIndexCache$1.apply(Lcom/thinkaurelius/titan/core/TitanProperty;)Z,0.0,0,0,0,0.0,0.0,0,0,42.8086,7.33333,474.65,60.8484,17,14,26.3695,64.725,126.627,74.051,107.085,62.6231,1,0,0,0,1,0.0,0,0,0.0,0,4,4,1,1,4,4,1,0,0,0,0,0,0,0,0,0,0,0,0,0,0,0,0,0,0,0,0,0,0,0,0,0,0,0,0,0,0,0,0,0,0,0,NoBug
070f75a3a577d2703e77fac45710686dc1cd8a99,com.thinkaurelius.titan.graphdb.TitanGraphTest.testSchemaTypes()V,0.794038,9,72,20,0.754296,0.782998,439,350,3494.67,213.368,5818570.0,32350.3,3102,443,323254.0,27270.2,9.59809,5.61292,-27.1446,0.0,41,2,2,0,89,0.179817,98,7,0.179817,98,447,582,389,0,447,582,389,0,38,0,15,155,0,34,0,0,0,0,1,0,4,34,0,4,0,150,0,0,0,0,0,0,0,0,0,0,0,0,15,0,0,0,NoBug
8ed7a34830b0a78e03142c2f4be6ea9d63b30fa8,com.thinkaurelius.titan.diskstorage.keycolumnvalue.StandardStoreFeatures.<init>(ZZZZZZZZZZZLcom/thinkaurelius/titan/diskstorage/util/time/TimestampProviders;ZZZZLcom/thinkaurelius/titan/diskstorage/configuration/Configuration;Lcom/thinkaurelius/titan/diskstorage/configuration/Configuration;Lcom/thinkaurelius/titan/diskstorage/configuration/Configuration;Z)V,0.0,0,0,0,0.0,0.0,0,0,116.239,4.0,2370.69,177.794,122,29,131.705,592.674,81.9393,47.9177,42.6143,24.9207,1,0,0,0,0,0.0,0,0,0.0,0,31,31,20,20,31,31,20,0,0,0,0,0,0,0,0,0,0,0,0,0,0,0,0,0,0,0,0,0,0,0,0,0,0,0,0,0,0,0,0,0,0,0,NoBug
ed88d7286080492045efafb45a69fa4cb6eeb94d,com.thinkaurelius.titan.graphdb.transaction.InMemoryTitanGraph.loadRelations(Lcom/thinkaurelius/titan/graphdb/query/AtomicQuery;)V,0.0,0,0,0,0.0,0.0,0,0,37.9742,5.0,240.529,38.6763,13,13,13.3627,48.1057,128.17,74.9534,109.312,63.925,1,0,0,0,0,0.0,0,0,0.0,0,4,4,1,1,4,4,1,0,0,0,0,0,0,0,0,0,0,0,0,0,0,0,0,0,0,0,0,0,0,0,0,0,0,0,0,0,0,0,0,0,0,0,NoBug
8e76984347ad0cc94af1cde0ecb9b018e79d526c,com.thinkaurelius.titan.graphdb.database.serialize.kryo.KryoSerializer.<init>(Ljava/util/List;Z)V,0.0,0,0,0,0.0,0.0,0,0,28.7549,4.0,152.215,28.5083,11,11,8.45639,38.0537,134.05,78.3916,117.794,68.8853,1,0,0,0,0,0.0,0,0,0.0,0,3,3,1,2,3,3,1,0,0,0,0,0,0,0,0,0,0,0,0,0,0,0,0,0,0,0,0,0,0,0,0,0,0,0,0,0,0,0,0,0,0,0,NoBug
63f50c66dd4ec7a3e6882886f4aee674552564e4,com.thinkaurelius.titan.core.TitanFactory.getLocalConfiguration(Ljava/lang/String;)Lcom/thinkaurelius/titan/diskstorage/configuration/ReadConfiguration;,0.0,0,0,0,0.0,0.0,0,0,172.949,9.5,5662.53,317.693,112,40,314.585,596.056,83.1491,48.6252,68.9679,40.3321,8,4,2,0,0,0.103448,3,3,0.103448,3,26,26,25,1,26,26,25,0,0,0,8,7,0,0,6,0,0,0,0,0,1,0,0,0,0,0,0,0,0,0,0,0,0,0,0,0,0,0,0,0,8,0,NoBug
ed88d7286080492045efafb45a69fa4cb6eeb94d,com.thinkaurelius.titan.graphdb.types.DisableDefaultTypeMaker.ignoreUndefinedQueryTypes()Z,0.0,0,0,0,0.0,0.0,0,0,13.6096,2.5,49.1287,13.414,7,7,2.72937,19.6515,132.826,77.6758,116.028,67.8525,1,0,0,0,0,0.0,0,0,0.0,0,4,4,1,0,4,4,1,0,0,0,0,0,0,0,0,0,0,0,0,0,0,0,0,0,0,0,0,0,0,0,0,0,0,0,0,0,0,0,0,0,0,0,NoBug
ed88d7286080492045efafb45a69fa4cb6eeb94d,com.thinkaurelius.titan.graphdb.query.SimpleAtomicQuery.has(Ljava/lang/String;Ljava/lang/Object;)Lcom/thinkaurelius/titan/graphdb/query/AtomicQuery;,0.0,0,0,0,0.0,0.0,0,0,100.362,16.2857,3062.0,210.865,40,26,170.111,188.018,109.393,63.9725,82.4254,48.202,3,2,2,0,2,0.0,0,0,0.0,0,8,8,6,2,8,8,6,0,0,0,0,3,0,0,2,0,0,0,0,0,1,0,0,0,0,0,0,0,0,0,0,0,0,0,0,0,0,0,0,0,0,0,NoBug
7720850da32092290f6ee0e375eb22cb367a3310,com.thinkaurelius.faunus.mapreduce.filter.IntervalFilterMap$Map.setup(LMapper.Context;)V,0.0,0,0,0,0.0,0.0,0,0,270.039,29.3333,24700.6,848.149,145,56,1372.26,842.066,87.5836,51.2185,50.9611,29.8018,3,2,1,0,1,0.0,0,0,0.0,0,19,20,14,1,19,20,14,0,0,0,0,0,0,0,0,0,0,0,0,0,0,0,0,0,0,0,0,0,0,0,0,0,0,0,0,0,0,0,0,0,0,0,NoBug
ed88d7286080492045efafb45a69fa4cb6eeb94d,com.thinkaurelius.titan.graphdb.query.SimpleAtomicQuery.edgeIterator()Ljava/util/Iterator;,0.0,0,0,0,0.0,0.0,0,0,68.7549,8.0,883.569,92.0789,26,19,49.0872,110.446,120.234,70.312,97.8613,57.2288,1,0,0,2,3,0.0,0,0,0.0,0,5,5,2,0,5,5,2,0,0,0,0,0,0,0,0,0,0,0,0,0,0,0,0,0,0,0,0,0,0,0,0,0,0,0,0,0,0,0,0,0,0,0,NoBug
b55f4f332ee7c5c47295db46ffac2d2355968f79,com.thinkaurelius.titan.graphdb.TitanGraphTest.testVertexDeletionWithIndex()V,0.0,0,0,0,0.0,0.0,0,0,139.742,12.25,5359.64,306.26,86,34,297.758,437.522,95.2777,55.718,80.7421,47.2176,1,0,0,0,4,0.0625,1,0,0.0625,1,15,18,12,0,15,18,12,0,0,0,3,3,0,0,0,0,0,0,0,0,0,0,0,0,0,3,0,0,0,0,0,0,0,0,0,0,0,0,1,0,2,0,NoBug
7720850da32092290f6ee0e375eb22cb367a3310,com.thinkaurelius.faunus.mapreduce.util.ElementChecker.isLegal(Lcom/thinkaurelius/faunus/FaunusElement;)Z,0.0,0,0,0,0.0,0.0,0,0,126.637,22.0,6212.56,337.946,57,31,345.142,282.389,103.433,60.4872,73.9287,43.2332,4,1,1,5,1,0.0,0,0,0.0,0,10,11,7,1,10,11,7,0,0,0,0,2,0,0,2,0,0,0,0,0,0,0,0,0,0,0,0,0,0,0,0,0,0,0,0,0,0,0,0,0,0,0,NoBug
ed88d7286080492045efafb45a69fa4cb6eeb94d,com.thinkaurelius.titan.util.interval.DoesNotExist.intersect(Lcom/thinkaurelius/titan/util/interval/AtomicInterval;)Lcom/thinkaurelius/titan/util/interval/AtomicInterval;,0.0,0,0,0,0.0,0.0,0,0,33.2842,6.0,365.666,51.1356,17,12,20.3148,60.9444,123.095,71.9856,102.092,59.7028,2,1,1,0,0,0.0,0,0,0.0,0,5,5,3,1,5,5,3,0,0,0,0,2,0,0,1,0,0,0,0,0,1,0,0,0,0,0,0,0,0,0,0,0,0,0,0,0,0,0,0,0,0,0,NoBug
63f50c66dd4ec7a3e6882886f4aee674552564e4,com.thinkaurelius.titan.graphdb.TitanFactoryShorthandTest.testTitanFactoryShorthand()V,0.0,0,0,0,0.0,0.0,0,0,20.2647,3.0,104.608,22.2011,11,9,5.81153,34.8692,126.229,73.818,106.511,62.2869,1,0,0,0,0,0.0,0,0,0.0,0,5,5,2,0,5,5,2,0,0,0,2,0,0,0,0,0,0,0,0,0,0,0,0,0,0,1,0,0,0,0,0,0,0,0,0,0,0,0,0,0,1,0,NoBug
7720850da32092290f6ee0e375eb22cb367a3310,com.thinkaurelius.faunus.mapreduce.util.ElementCheckerTest.testLessThan()V,1.0,1,1,1,1.0,1.0,14,11,112.106,9.75,3552.4,232.817,75,29,197.355,364.349,101.254,59.2128,70.4795,41.2161,1,0,0,0,4,0.0,0,0,0.0,0,11,14,9,0,11,14,9,0,0,0,0,4,0,0,0,0,0,0,0,0,0,0,0,0,0,4,0,0,0,0,0,0,0,0,0,0,0,0,0,0,0,0,NoBug
55d73740c60812fa57864c07f01e08b09a4504f4,com.thinkaurelius.titan.graphdb.database.IndexSerializer.lockKeyedProperty(Lcom/thinkaurelius/titan/core/TitanProperty;Lcom/thinkaurelius/titan/diskstorage/BackendTransaction;)V,0.0,0,0,0,0.0,0.0,0,0,196.974,44.625,20694.4,753.763,86,42,1149.69,463.739,104.239,60.9582,75.1927,43.9723,5,1,1,1,12,0.0,0,0,0.0,0,8,8,5,2,8,8,5,0,0,0,0,0,0,0,0,0,0,0,0,0,0,0,0,0,0,0,0,0,0,0,0,0,0,0,0,0,0,0,0,0,0,0,NoBug
55d73740c60812fa57864c07f01e08b09a4504f4,com.thinkaurelius.titan.graphdb.database.IndexSerializer.<init>(Lcom/thinkaurelius/titan/graphdb/database/serialize/Serializer;Ljava/util/Map;)V,0.0,0,0,0,0.0,0.0,0,0,54.6292,8.4,824.032,87.8948,24,17,45.7796,98.0991,124.465,72.7865,103.966,60.7988,1,0,0,1,0,0.0,0,0,0.0,0,4,4,2,2,4,4,2,0,0,0,0,0,0,0,0,0,0,0,0,0,0,0,0,0,0,0,0,0,0,0,0,0,0,0,0,0,0,0,0,0,0,0,NoBug
995bcb422f0002c02ffa0d9a0a42b840275fa0f6,com.thinkaurelius.titan.diskstorage.cassandra.CassandraThriftStorageManager.close()V,0.0,0,0,0,0.0,0.0,0,0,21.6515,3.5,99.8526,21.5232,9,9,5.54737,28.5293,130.887,76.5422,113.231,66.2171,1,0,0,0,0,0.0,0,0,0.0,0,4,4,1,0,4,4,1,0,0,0,0,1,0,0,0,0,0,0,0,0,1,0,0,0,0,0,0,0,0,0,0,0,0,0,0,0,0,0,0,0,0,0,NoBug
56e64ff140b2219f9dd637d6241763c8c43aa45f,com.thinkaurelius.titan.graphdb.TitanEventualGraphTest.testTimestampedEdgeUpdates()V,0.0,0,0,0,0.0,0.0,0,0,129.691,3.5,1681.95,141.43,97,31,93.4417,480.557,85.2677,49.8642,73.8266,43.1735,1,0,0,0,0,0.129032,4,3,0.129032,4,27,31,23,0,27,31,23,0,0,0,6,8,0,0,0,0,0,0,0,0,0,0,0,2,0,6,0,0,0,0,0,0,0,0,0,0,0,0,1,0,5,0,NoBug
ed88d7286080492045efafb45a69fa4cb6eeb94d,com.thinkaurelius.titan.graphdb.query.EmptyAtomicQuery.getTypeCondition()Lcom/thinkaurelius/titan/core/TitanType;,0.0,0,0,0,0.0,0.0,0,0,28.5293,4.5,149.487,28.1666,10,10,8.30482,33.2193,130.096,76.0794,112.089,65.5494,1,0,0,0,0,0.0,0,0,0.0,0,4,4,1,0,4,4,1,0,0,0,0,0,0,0,0,0,0,0,0,0,0,0,0,0,0,0,0,0,0,0,0,0,0,0,0,0,0,0,0,0,0,0,NoBug
854139c3e9bb3a63ed124e1403d1227aba7632e1,com.thinkaurelius.titan.graphdb.transaction.StandardTransactionBuilder.<init>(Lcom/thinkaurelius/titan/graphdb/configuration/GraphDatabaseConfiguration;Lcom/thinkaurelius/titan/graphdb/database/StandardTitanGraph;)V,0.0,0,0,0,0.0,0.0,0,0,188.987,30.1154,20136.6,740.157,124,42,1118.7,668.647,90.5846,52.9735,83.5227,48.8437,3,1,1,1,16,0.15,3,3,0.15,3,17,17,17,2,17,17,17,0,2,0,0,4,0,0,4,0,0,0,0,0,2,0,0,0,0,0,0,0,0,0,0,0,0,0,0,0,0,0,0,0,0,0,NoBug
854139c3e9bb3a63ed124e1403d1227aba7632e1,com.thinkaurelius.titan.graphdb.transaction.StandardTransactionBuilder.setCustomOption(Ljava/lang/String;Ljava/lang/Object;)Lcom/thinkaurelius/titan/core/TransactionBuilder;,0.0,0,0,0,0.0,0.0,0,0,83.6515,10.2857,1395.84,124.899,30,23,77.5468,135.707,119.163,69.6857,96.3161,56.3252,1,0,0,0,2,0.0,0,0,0.0,0,5,5,2,2,5,5,2,0,0,0,0,1,0,0,0,0,0,0,0,0,1,0,0,0,0,0,0,0,0,0,0,0,0,0,0,0,0,0,0,0,0,0,NoBug
33a560db97bf3187ac45d1fe4fdf2e6b817bec40,com.thinkaurelius.titan.graphdb.serializer.SerializerTest.primitiveSerialization()V,0.0,0,0,0,0.0,0.0,0,0,667.008,63.2727,241243.0,3875.28,558,114,13402.4,3812.75,64.1947,37.5407,17.0143,9.94988,1,0,0,0,4,0.0,0,0,0.0,0,51,53,48,0,51,53,48,0,0,0,0,22,0,0,0,0,0,0,0,0,0,0,0,0,0,18,0,0,0,0,4,0,0,0,0,0,0,0,0,0,0,0,NoBug
0d269e350f01e145b0eec0157b9c45274b2023f7,com.thinkaurelius.titan.graphdb.configuration.TinkerpopFeaturesTest.open(Z)Lcom/thinkaurelius/titan/core/TitanGraph;,0.0,0,0,0,0.0,0.0,0,0,74.1131,12.5,1921.64,154.566,35,21,106.758,153.731,113.063,66.1188,87.5167,51.1793,1,0,0,2,3,0.0,0,0,0.0,0,7,7,4,1,7,7,4,0,0,0,0,0,0,0,0,0,0,0,0,0,0,0,0,0,0,0,0,0,0,0,0,0,0,0,0,0,0,0,0,0,0,0,NoBug
7720850da32092290f6ee0e375eb22cb367a3310,com.thinkaurelius.faunus.mapreduce.util.ElementChecker.<init>(LString;LCompare;[LObject;)V,0.0,0,0,0,0.0,0.0,0,0,57.7052,7.85714,1048.44,103.204,32,18,58.2466,133.438,119.25,69.737,96.4426,56.3992,1,0,0,5,0,0.0,0,0,0.0,0,5,5,3,3,5,5,3,0,0,0,1,0,0,0,0,0,0,0,0,0,0,0,0,0,0,0,0,0,0,0,0,0,0,0,0,0,1,0,0,0,0,0,NoBug
ed88d7286080492045efafb45a69fa4cb6eeb94d,com.thinkaurelius.titan.graphdb.loadingstatus.BasicLoadingStatus.loadedEdges(Lcom/thinkaurelius/titan/graphdb/query/AtomicQuery;)Lcom/thinkaurelius/titan/graphdb/loadingstatus/LoadingStatus;,0.0,0,0,0,0.0,0.0,0,0,271.48,57.3333,50382.6,1364.12,152,55,2799.03,878.767,83.3467,48.7408,45.2557,26.4654,7,3,3,1,7,0.0,0,0,0.0,0,23,23,20,1,23,23,20,0,0,0,0,6,0,0,6,0,0,0,0,0,0,0,0,0,0,0,0,0,0,0,0,0,0,0,0,0,0,0,0,0,0,0,NoBug
d39591ed87e4e2f0c854e1e9942af37cd070e2e5,com.thinkaurelius.titan.graphdb.relations.CacheEdge$1.apply(Lcom/thinkaurelius/titan/graphdb/internal/InternalRelation;)Z,1.0,1,3,1,1.0,1.0,4,4,68.7549,13.3333,1302.7,119.279,23,19,72.3721,97.7023,124.256,72.6643,103.766,60.6821,2,0,0,0,1,0.0,0,0,0.0,0,4,4,1,1,4,4,1,0,0,0,0,0,0,0,0,0,0,0,0,0,0,0,0,0,0,0,0,0,0,0,0,0,0,0,0,0,0,0,0,0,0,0,NoBug
ed88d7286080492045efafb45a69fa4cb6eeb94d,com.thinkaurelius.titan.graphdb.vertices.AbstractTitanVertex.getProperties(Lcom/thinkaurelius/titan/core/TitanKey;)Ljava/lang/Iterable;,0.0,0,0,0,0.0,0.0,0,0,66.0,12.0,1100.86,106.616,22,18,61.1589,91.7384,124.814,72.9904,104.469,61.0929,1,0,0,0,3,0.0,0,0,0.0,0,4,4,1,1,4,4,1,0,0,0,0,0,0,0,0,0,0,0,0,0,0,0,0,0,0,0,0,0,0,0,0,0,0,0,0,0,0,0,0,0,0,0,NoBug
ed88d7286080492045efafb45a69fa4cb6eeb94d,com.thinkaurelius.titan.graphdb.database.StandardTitanGraph.queryForEntries(Lcom/thinkaurelius/titan/graphdb/query/AtomicQuery;Lcom/thinkaurelius/titan/diskstorage/TransactionHandle;)Ljava/util/List;,0.0,0,0,0,0.0,0.0,0,0,983.197,150.0,772617.0,8419.95,707,156,42923.2,5150.78,41.9656,24.5413,1.3089,0.765439,38,10,10,2,33,0.027027,3,0,0.027027,3,108,121,100,2,108,121,100,0,0,0,1,25,0,1,22,0,0,0,1,0,1,0,0,0,0,0,0,0,0,0,0,0,0,0,0,0,0,0,0,1,0,0,NoBug
ed88d7286080492045efafb45a69fa4cb6eeb94d,com.thinkaurelius.titan.graphdb.query.DisjunctiveQueryIterator.initializeNextIter()V,0.0,0,0,0,0.0,0.0,0,0,259.434,41.7857,27524.7,911.623,115,53,1529.15,658.711,93.6283,54.7534,60.2927,35.2589,9,5,3,2,4,0.0,0,0,0.0,0,13,13,12,0,13,13,12,0,0,0,0,3,0,0,3,0,0,0,0,0,0,0,0,0,0,0,0,0,0,0,0,0,0,0,0,0,0,0,0,0,0,0,NoBug
ac746d5753151c1904efda645429fca6a9086231,com.thinkaurelius.titan.graphdb.TitanGraphTest.testIteration()V,0.0,0,0,0,0.0,0.0,0,0,161.726,36.4412,29451.1,953.676,154,38,1636.17,808.181,79.3522,46.4048,39.0856,22.8571,3,2,2,0,4,0.0,0,0,0.0,0,32,35,29,0,32,35,29,0,0,0,0,13,0,0,0,0,0,0,0,0,0,0,0,0,0,13,0,0,0,0,0,0,0,0,0,0,0,0,0,0,0,0,Bag
ed88d7286080492045efafb45a69fa4cb6eeb94d,com.thinkaurelius.titan.graphdb.query.ComplexTitanQuery.vertexIds()Lcom/thinkaurelius/titan/graphdb/query/VertexListInternal;,0.0,0,0,0,0.0,0.0,0,0,169.411,37.0556,16724.0,653.973,86,38,929.11,451.322,92.3986,54.0343,58.0094,33.9236,4,3,3,1,7,0.0,0,0,0.0,0,17,17,13,0,17,17,13,0,0,0,0,3,0,0,2,0,0,0,0,0,1,0,0,0,0,0,0,0,0,0,0,0,0,0,0,0,0,0,0,0,0,0,NoBug
ed88d7286080492045efafb45a69fa4cb6eeb94d,com.thinkaurelius.titan.graphdb.vertices.PersistStandardTitanVertex.loadedEdges(Lcom/thinkaurelius/titan/graphdb/query/AtomicQuery;)V,0.0,0,0,0,0.0,0.0,0,0,33.2842,7.5,376.421,52.1334,14,12,20.9123,50.1895,127.95,74.8245,108.994,63.7389,1,0,0,0,1,0.0,0,0,0.0,0,4,4,1,1,4,4,1,0,0,0,0,0,0,0,0,0,0,0,0,0,0,0,0,0,0,0,0,0,0,0,0,0,0,0,0,0,0,0,0,0,0,0,NoBug
9a49faa3669fc2c03e458c7999ecf095e0b0725d,com.thinkaurelius.titan.graphdb.TitanPartitionGraphTest.testPartitionSpread(ZZ)V,0.0,0,0,0,0.0,0.0,0,0,283.567,11.5,9566.08,450.633,142,58,531.449,831.833,80.1069,46.8462,66.1593,38.6896,6,2,2,0,0,0.121212,4,0,0.121212,4,29,31,25,2,29,31,25,0,0,0,9,7,0,0,0,0,0,0,0,0,0,0,0,0,0,7,0,0,0,0,0,0,0,0,0,0,0,0,0,0,9,0,NoBug
0a02b5352020cdf5518610bd54c004399c5308f3,com.thinkaurelius.titan.diskstorage.util.KeyValueStoreAdapter.getLength(Ljava/nio/ByteBuffer;)I,0.0,0,0,0,0.0,0.0,0,0,75.6096,17.6,3092.19,212.248,40,21,171.788,175.693,106.361,62.1992,107.505,62.8685,2,1,1,1,1,0.166667,2,0,0.166667,2,10,10,6,1,10,10,6,0,0,0,0,0,0,0,0,0,0,0,0,0,0,0,0,0,0,0,0,0,0,0,0,0,0,0,0,0,0,0,0,0,0,0,NoBug
3247d28161a1c089cb463c208ae21c5129eee1af,com.thinkaurelius.titan.graphdb.database.cache.StandardSchemaCache.getSchemaRelations(JLcom/thinkaurelius/titan/graphdb/types/system/BaseRelationType;LDirection;)LEntryList;,0.0,0,0,0,0.0,0.0,0,0,192.382,13.5,7911.49,397.044,108,43,439.527,586.037,79.375,46.4181,68.1743,39.868,8,3,3,0,0,0.153846,6,0,0.153846,6,33,39,23,3,33,39,23,0,0,0,4,1,0,0,0,0,0,0,0,0,1,0,0,0,0,0,0,0,0,0,0,0,0,0,0,0,0,0,0,0,4,0,NoBug
ed88d7286080492045efafb45a69fa4cb6eeb94d,com.thinkaurelius.titan.graphdb.query.SimpleTitanQuery.labels([Ljava/lang/String;)Lcom/thinkaurelius/titan/core/TitanQuery;,0.0,0,0,0,0.0,0.0,0,0,165.231,33.5833,15861.9,631.301,90,38,881.214,472.313,91.0062,53.22,56.1025,32.8085,5,2,2,1,2,0.0,0,0,0.0,0,18,18,15,1,18,18,15,0,0,0,0,3,0,0,2,0,0,0,0,0,1,0,0,0,0,0,0,0,0,0,0,0,0,0,0,0,0,0,0,0,0,0,NoBug
33a560db97bf3187ac45d1fe4fdf2e6b817bec40,com.thinkaurelius.titan.core.attribute.FullDouble.<init>(D)V,0.0,0,0,0,0.0,0.0,0,0,28.7549,5.33333,239.854,38.6039,13,11,13.3252,44.9726,133.181,77.8836,116.541,68.1524,1,0,0,1,0,0.0,0,0,0.0,0,3,3,1,1,3,3,1,0,0,0,0,0,0,0,0,0,0,0,0,0,0,0,0,0,0,0,0,0,0,0,0,0,0,0,0,0,0,0,0,0,0,0,NoBug
8ed7a34830b0a78e03142c2f4be6ea9d63b30fa8,com.thinkaurelius.titan.diskstorage.keycolumnvalue.StandardStoreFeatures.supportsInterruption()Z,0.0,0,0,0,0.0,0.0,0,0,11.6096,2.5,38.7744,11.4559,6,6,2.15414,15.5098,130.441,76.2816,112.588,65.8411,1,0,0,0,0,0.0,0,0,0.0,0,5,5,1,0,5,5,1,0,0,0,0,0,0,0,0,0,0,0,0,0,0,0,0,0,0,0,0,0,0,0,0,0,0,0,0,0,0,0,0,0,0,0,NoBug
91e762bccc8de3a1b2ef2dea53d22bc3f56c7905,com.thinkaurelius.titan.diskstorage.es.ElasticSearchIndex.checkExpectedClientVersion()V,0.0,0,0,0,0.0,0.0,0,0,44.8289,5.0,527.43,65.2795,27,15,29.3017,105.486,105.83,61.8888,116.277,67.9985,3,2,2,0,0,0.333333,6,0,0.333333,6,12,18,5,0,12,18,5,0,0,0,2,0,0,0,0,0,0,0,0,0,0,0,0,0,0,0,0,0,0,0,0,0,0,0,0,0,0,1,0,0,1,0,NoBug
9a49faa3669fc2c03e458c7999ecf095e0b0725d,com.thinkaurelius.titan.diskstorage.IDAuthorityTest.testMultiIDAcquisition()V,0.0,0,0,0,0.0,0.0,0,0,226.253,11.5,9685.38,454.371,150,49,538.076,842.206,75.2038,43.9788,50.586,29.5824,8,2,2,0,0,0.05,2,0,0.05,2,38,46,37,0,38,46,37,0,0,0,17,5,0,0,2,0,0,0,0,0,1,0,0,0,0,3,0,0,0,0,0,0,0,0,0,0,0,0,0,0,16,0,NoBug
86bc51a0b9aa5d6d59ec1770f6fdafff8d0a5f7e,com.thinkaurelius.titan.graphdb.inmemory.InMemoryMetricsTest.verifyMetrics(Ljava/lang/String;Ljava/util/Map;)V,0.0,0,0,0,0.0,0.0,0,0,36.5293,6.75,399.647,54.2565,16,13,22.2026,59.207,131.751,77.0474,114.478,66.946,1,0,0,2,1,0.0,0,0,0.0,0,3,3,1,2,3,3,1,0,0,0,0,0,0,0,0,0,0,0,0,0,0,0,0,0,0,0,0,0,0,0,0,0,0,0,0,0,0,0,0,0,0,0,NoBug
376bad20b40a842876fbda80efd2583266c88cfe,com.thinkaurelius.titan.graphdb.relations.CacheProperty.<init>(JLcom/thinkaurelius/titan/core/PropertyKey;Lcom/thinkaurelius/titan/graphdb/internal/InternalVertex;Ljava/lang/Object;Lcom/thinkaurelius/titan/diskstorage/Entry;)V,0.0,0,0,0,0.0,0.0,0,0,53.5635,5.5,427.14,56.717,19,17,23.73,77.6618,125.68,73.4969,105.719,61.8237,1,0,0,0,0,0.0,0,0,0.0,0,4,4,2,5,4,4,2,0,0,0,0,0,0,0,0,0,0,0,0,0,0,0,0,0,0,0,0,0,0,0,0,0,0,0,0,0,0,0,0,0,0,0,NoBug
b428f3b0b34bc81d67ec83b7203320ba2578bf89,com.thinkaurelius.titan.graphdb.TitanGraphTest.testWithoutIndex()V,0.0,0,0,0,0.0,0.0,0,0,473.544,37.8605,63666.5,1594.44,261,87,3537.03,1681.61,80.2025,46.902,40.3124,23.5745,3,2,2,0,17,0.0,0,0,0.0,0,24,26,21,0,24,26,21,0,0,0,2,0,0,0,0,0,0,0,0,0,0,0,0,0,0,1,0,0,0,0,0,0,0,0,0,0,0,0,1,0,0,0,NoBug
8ed7a34830b0a78e03142c2f4be6ea9d63b30fa8,com.thinkaurelius.titan.graphdb.idmanagement.IDPoolTest$441498#.supportsInterruption()Z,0.0,0,0,0,0.0,0.0,0,0,10.0,2.0,31.0195,9.87242,6,6,1.72331,15.5098,130.441,76.2816,112.588,65.8411,1,0,0,0,0,0.0,0,0,0.0,0,5,5,1,0,5,5,1,0,0,0,0,0,0,0,0,0,0,0,0,0,0,0,0,0,0,0,0,0,0,0,0,0,0,0,0,0,0,0,0,0,0,0,NoBug
55d73740c60812fa57864c07f01e08b09a4504f4,com.thinkaurelius.titan.graphdb.database.IndexSerializer.processSingleCondition(Lcom/thinkaurelius/titan/graphdb/internal/ElementType;Lcom/thinkaurelius/titan/graphdb/query/condition/PredicateCondition;ILcom/thinkaurelius/titan/diskstorage/BackendTransaction;)Ljava/util/List;,0.0,0,0,0,0.0,0.0,0,0,448.214,86.925,127853.0,2537.9,232,81,7102.96,1470.85,77.4816,45.3109,36.7942,21.5171,7,2,2,1,18,0.0,0,0,0.0,0,28,28,20,4,28,28,20,0,0,0,1,0,0,0,0,0,0,0,0,0,1,0,0,0,0,0,0,0,0,0,0,0,0,0,0,0,0,0,0,0,0,0,NoBug
5f904d746f517fc714368c0258df4fd545e3829f,com.thinkaurelius.titan.graphdb.transaction.StandardTitanTx$4.execute(Lcom/thinkaurelius/titan/graphdb/query/VertexCentricQuery;Lcom/thinkaurelius/titan/diskstorage/keycolumnvalue/SliceQuery;Ljava/lang/Object;)Ljava/util/Iterator;,0.0,0,0,0,0.0,0.0,0,0,154.257,26.0,9335.29,443.355,70,35,518.628,359.05,101.1,59.1229,70.3594,41.1458,2,1,1,0,0,0.0,0,0,0.0,0,11,14,6,3,19,22,8,0,0,0,0,3,0,0,2,0,0,0,0,0,1,0,0,0,0,0,0,0,0,0,0,0,0,0,0,0,0,0,0,0,0,0,NoBug
3b4dd304515746e895b4ea7cd1728c0bcfd5d460,com.thinkaurelius.titan.diskstorage.es.ElasticSearchConfigTest.testLocalNodeUsingExt()V,0.0,0,0,0,0.0,0.0,0,0,178.935,5.5,3161.23,215.396,108,40,175.624,574.768,88.4081,51.7006,51.9469,30.3783,1,0,0,0,0,0.0,0,0,0.0,0,21,25,16,0,21,25,16,0,0,0,5,3,0,0,0,0,0,0,0,0,0,0,0,0,0,3,0,0,0,0,0,0,0,0,0,0,0,0,0,0,5,0,NoBug
9a49faa3669fc2c03e458c7999ecf095e0b0725d,com.thinkaurelius.titan.util.datastructures.RelationCacheTest.testEmpty()V,0.0,0,0,0,0.0,0.0,0,0,32.0,4.0,229.438,37.478,16,12,12.7465,57.3594,120.687,70.5772,98.5154,57.6114,1,0,0,0,0,0.0,0,0,0.0,0,6,6,3,0,6,6,3,0,0,0,1,3,0,0,0,0,0,0,0,0,0,0,0,0,0,3,0,0,0,0,0,0,0,0,0,0,0,0,0,0,1,0,NoBug
598e12b21c73c1eb837031f2bee0398c08ad9d09,com.thinkaurelius.titan.graphdb.database.idassigner.StandardIDPool$IDBlockGetter.call()Lcom/thinkaurelius/titan/diskstorage/IDBlock;,0.0,0,0,0,0.0,0.0,0,0,173.529,16.2353,5616.2,315.957,65,40,312.011,345.925,94.7637,55.4174,61.4216,35.919,4,1,1,0,3,0.0,0,0,0.0,0,16,17,8,0,16,17,8,0,0,0,1,2,0,0,0,0,0,0,0,0,1,0,0,0,0,0,2,0,0,0,0,0,0,0,0,0,0,0,0,0,0,0,NoBug
86bc51a0b9aa5d6d59ec1770f6fdafff8d0a5f7e,com.thinkaurelius.titan.diskstorage.util.MetricInstrumentedStore.mutate(Lcom/thinkaurelius/titan/diskstorage/StaticBuffer;Ljava/util/List;Ljava/util/List;Lcom/thinkaurelius/titan/diskstorage/keycolumnvalue/StoreTransaction;)V,0.902439,1,1,1,0.714286,0.714286,10,10,111.89,12.0,2307.53,174.622,40,28,128.196,192.294,106.121,62.0592,77.5015,45.3225,1,0,0,0,3,0.0,0,0,0.0,0,10,10,1,4,14,14,3,0,0,0,0,0,0,0,0,0,0,0,0,0,0,0,0,0,0,0,0,0,0,0,0,0,0,0,0,0,0,0,0,0,0,0,NoBug
0d269e350f01e145b0eec0157b9c45274b2023f7,com.thinkaurelius.titan.graphdb.configuration.TinkerpopFeaturesTest.closeGraph()V,0.0,0,0,0,0.0,0.0,0,0,33.2842,6.0,279.627,42.7615,13,12,15.5348,46.6045,121.537,71.0741,99.8431,58.3878,2,1,1,0,1,0.0,0,0,0.0,0,6,6,2,0,6,6,2,0,0,0,0,2,0,0,2,0,0,0,0,0,0,0,0,0,0,0,0,0,0,0,0,0,0,0,0,0,0,0,0,0,0,0,NoBug
ed88d7286080492045efafb45a69fa4cb6eeb94d,com.thinkaurelius.titan.graphdb.query.EmptyAtomicQuery.type(Ljava/lang/String;)Lcom/thinkaurelius/titan/graphdb/query/AtomicQuery;,0.0,0,0,0,0.0,0.0,0,0,21.6515,3.5,99.8526,21.5232,9,9,5.54737,28.5293,130.887,76.5422,113.231,66.2171,1,0,0,0,0,0.0,0,0,0.0,0,4,4,1,1,4,4,1,0,0,0,0,0,0,0,0,0,0,0,0,0,0,0,0,0,0,0,0,0,0,0,0,0,0,0,0,0,0,0,0,0,0,0,NoBug
ed88d7286080492045efafb45a69fa4cb6eeb94d,com.thinkaurelius.titan.graphdb.query.SimpleAtomicQuery.removeConstraint(Ljava/lang/String;)V,0.0,0,0,0,0.0,0.0,0,0,33.2842,9.0,548.499,67.0066,17,12,30.4722,60.9444,126.71,74.0995,107.307,62.7526,2,1,1,1,0,0.0,0,0,0.0,0,4,4,2,1,4,4,2,0,0,0,0,2,0,0,2,0,0,0,0,0,0,0,0,0,0,0,0,0,0,0,0,0,0,0,0,0,0,0,0,0,0,0,NoBug
ed88d7286080492045efafb45a69fa4cb6eeb94d,com.thinkaurelius.titan.graphdb.vertices.AbstractTitanVertex.getRelations()Ljava/lang/Iterable;,0.0,0,0,0,0.0,0.0,0,0,53.303,7.0,437.572,57.6368,16,15,24.3095,62.5103,126.808,74.1569,107.347,62.7758,1,0,0,0,2,0.0,0,0,0.0,0,4,4,1,0,4,4,1,0,0,0,0,0,0,0,0,0,0,0,0,0,0,0,0,0,0,0,0,0,0,0,0,0,0,0,0,0,0,0,0,0,0,0,NoBug
ed88d7286080492045efafb45a69fa4cb6eeb94d,com.thinkaurelius.titan.util.interval.RangeWithHoles.intersect(Lcom/thinkaurelius/titan/util/interval/AtomicInterval;)Lcom/thinkaurelius/titan/util/interval/AtomicInterval;,0.0,0,0,0,0.0,0.0,0,0,241.406,66.6667,54649.8,1440.1,146,49,3036.1,819.748,85.9724,50.2762,65.6267,38.3782,7,2,2,0,10,0.047619,1,0,0.047619,1,20,20,17,1,20,20,17,0,0,0,1,7,0,0,6,0,0,0,0,0,1,0,0,0,0,0,0,0,0,0,0,0,0,0,0,0,0,0,0,1,0,0,NoBug
3247d28161a1c089cb463c208ae21c5129eee1af,com.thinkaurelius.titan.graphdb.transaction.StandardTransactionBuilder.<init>(Lcom/thinkaurelius/titan/graphdb/configuration/GraphDatabaseConfiguration;Lcom/thinkaurelius/titan/graphdb/database/StandardTitanGraph;Lcom/thinkaurelius/titan/diskstorage/configuration/Configuration;)V,0.756522,1,3,1,0.647059,0.647059,11,11,44.0391,4.5,1142.77,109.305,65,15,63.487,253.948,95.6189,55.9175,62.5535,36.581,3,1,1,0,0,0.0,0,0,0.0,0,17,17,17,3,17,17,17,0,2,0,0,4,0,0,4,0,0,0,0,0,2,0,0,0,0,0,0,0,0,0,0,0,0,0,0,0,0,0,0,0,0,0,NoBug
ed88d7286080492045efafb45a69fa4cb6eeb94d,com.thinkaurelius.titan.graphdb.loadingstatus.BasicLoadingStatus.hasLoadedEdges(Lcom/thinkaurelius/titan/graphdb/query/AtomicQuery;)Z,0.0,0,0,0,0.0,0.0,0,0,235.952,35.9118,27767.3,916.971,137,50,1542.63,773.208,87.7591,51.3211,83.4193,48.7832,12,3,2,0,7,0.190476,4,4,0.190476,4,17,20,17,1,17,20,17,0,0,0,0,10,0,0,9,0,0,0,0,0,1,0,0,0,0,0,0,0,0,0,0,0,0,0,0,0,0,0,0,0,0,0,NoBug
86bc51a0b9aa5d6d59ec1770f6fdafff8d0a5f7e,com.thinkaurelius.titan.graphdb.inmemory.InMemoryMetricsTest.before()V,0.0,0,0,0,0.0,0.0,0,0,56.1057,6.5,557.939,67.7732,21,17,30.9966,85.8367,121.544,71.0786,99.7524,58.3348,1,0,0,0,2,0.0,0,0,0.0,0,5,5,2,0,5,5,2,0,0,0,0,0,0,0,0,0,0,0,0,0,0,0,0,0,0,0,0,0,0,0,0,0,0,0,0,0,0,0,0,0,0,0,NoBug
1c0f0f651f910b8d982d09baf9a3dc355be2319b,com.thinkaurelius.titan.diskstorage.es.ElasticsearchRunner.<init>(Ljava/lang/String;Ljava/lang/String;)V,0.0,0,0,0,0.0,0.0,0,0,20.2647,3.0,114.117,23.5271,12,9,6.33985,38.0391,129.391,75.6674,111.073,64.955,1,0,0,0,0,0.0,0,0,0.0,0,4,4,2,2,4,4,2,0,0,0,0,0,0,0,0,0,0,0,0,0,0,0,0,0,0,0,0,0,0,0,0,0,0,0,0,0,0,0,0,0,0,0,NoBug
598e12b21c73c1eb837031f2bee0398c08ad9d09,com.thinkaurelius.titan.graphdb.database.idassigner.StandardIDPool.<init>(Lcom/thinkaurelius/titan/diskstorage/IDAuthority;IIJLcom/thinkaurelius/titan/core/attribute/Duration;D)V,0.0,0,0,0,0.0,0.0,0,0,354.266,18.7805,16405.1,645.634,143,69,911.395,873.519,83.8384,49.0283,70.1435,41.0196,2,0,0,2,1,0.111111,3,0,0.111111,3,24,31,18,6,24,31,18,0,0,0,0,0,0,0,0,0,0,0,0,0,0,0,0,0,0,0,0,0,0,0,0,0,0,0,0,0,0,0,0,0,0,0,NoBug
33a560db97bf3187ac45d1fe4fdf2e6b817bec40,com.thinkaurelius.titan.graphdb.serializer.SerializerTest.classSerialization()V,0.0,0,0,0,0.0,0.0,0,0,133.487,14.875,5702.69,319.193,76,33,316.816,383.374,100.989,59.058,70.0976,40.9928,1,0,0,0,4,0.0,0,0,0.0,0,11,11,8,0,11,11,8,0,0,0,0,4,0,0,0,0,0,0,0,0,0,0,0,0,0,4,0,0,0,0,0,0,0,0,0,0,0,0,0,0,0,0,NoBug
e773067c084e9e6a0a58b739d06f86f0ad36a994,com.thinkaurelius.titan.diskstorage.log.LogTest.testReadMarkerResumesInMiddleOfLog()V,0.0,0,0,0,0.0,0.0,0,0,158.145,20.3077,9732.86,455.855,92,37,540.715,479.27,97.122,56.7965,64.5185,37.7301,1,0,0,0,6,0.0,0,0,0.0,0,13,13,10,0,13,13,10,0,0,0,2,3,0,0,0,0,0,0,0,0,0,0,0,0,0,3,0,0,0,0,0,0,0,0,0,0,0,0,1,1,0,0,NoBug
343cb98a1c918e3a8e9262b337388112c888c325,com.thinkaurelius.faunus.formats.rexster.RexsterConfiguration.getTrueVertexCount()J,0.0,0,0,0,0.0,0.0,0,0,133.821,23.4,6376.05,343.849,55,31,354.225,272.481,104.079,60.8648,74.6567,43.6589,2,1,1,1,4,0.0,0,0,0.0,0,10,11,5,0,10,11,5,0,0,0,2,0,0,0,0,0,0,0,0,0,0,0,0,0,0,0,0,0,0,0,0,0,0,0,0,0,0,2,0,0,0,0,NoBug
b55f4f332ee7c5c47295db46ffac2d2355968f79,com.thinkaurelius.titan.graphdb.transaction.VertexIterable$1.nextVertex()Lcom/thinkaurelius/titan/graphdb/vertices/InternalTitanVertex;,0.0,0,0,0,0.0,0.0,0,0,167.825,28.0,9992.05,463.913,68,38,555.114,356.859,96.3051,56.3188,83.3199,48.7251,6,3,3,2,5,0.0666667,1,0,0.0666667,1,14,15,11,0,14,15,11,0,0,0,0,4,0,0,4,0,0,0,0,0,0,0,0,0,0,0,0,0,0,0,0,0,0,0,0,0,0,0,0,0,0,0,NoBug
ed88d7286080492045efafb45a69fa4cb6eeb94d,com.thinkaurelius.titan.graphdb.loadingstatus.DirectionTypeEncoder.loaded(BLcom/thinkaurelius/titan/graphdb/query/AtomicQuery;)B,0.0,0,0,0,0.0,0.0,0,0,164.881,38.0625,16061.1,636.575,81,37,892.282,421.966,96.4042,56.3767,64.0938,37.4817,7,3,3,1,6,0.0,0,0,0.0,0,13,13,7,2,13,13,7,0,0,0,0,1,0,0,0,0,0,0,0,0,1,0,0,0,0,0,0,0,0,0,0,0,0,0,0,0,0,0,0,0,0,0,NoBug
ed88d7286080492045efafb45a69fa4cb6eeb94d,com.thinkaurelius.titan.graphdb.query.ComplexTitanQuery.has(Ljava/lang/String;Ljava/lang/Object;)Lcom/thinkaurelius/titan/core/TitanQuery;,0.0,0,0,0,0.0,0.0,0,0,96.2204,22.1667,4117.55,256.897,40,25,228.753,185.754,114.346,66.8693,89.4699,52.3216,2,1,1,0,1,0.0,0,0,0.0,0,6,6,5,2,6,6,5,0,0,0,0,1,0,0,1,0,0,0,0,0,0,0,0,0,0,0,0,0,0,0,0,0,0,0,0,0,0,0,0,0,0,0,NoBug
3b4dd304515746e895b4ea7cd1728c0bcfd5d460,com.thinkaurelius.titan.diskstorage.es.ElasticSearchConfigTest.testLocalNodeUsingExtAndIndexDirectory()V,0.0,0,0,0,0.0,0.0,0,0,124.492,5.5,2179.85,168.119,80,31,121.103,396.336,91.9623,53.7791,57.0746,33.3769,1,0,0,0,0,0.0,0,0,0.0,0,19,23,14,0,19,23,14,0,0,0,5,3,0,0,0,0,0,0,0,0,0,0,0,0,0,3,0,0,0,0,0,0,0,0,0,0,0,0,0,0,5,0,NoBug
33a560db97bf3187ac45d1fe4fdf2e6b817bec40,com.thinkaurelius.titan.graphdb.serializer.SerializerTest.setUp()V,0.0,0,0,0,0.0,0.0,0,0,123.164,13.8462,3567.02,233.455,52,31,198.168,257.618,108.215,63.2838,80.5227,47.0893,1,0,0,0,2,0.0,0,0,0.0,0,8,9,5,0,8,9,5,0,0,0,0,0,0,0,0,0,0,0,0,0,0,0,0,0,0,0,0,0,0,0,0,0,0,0,0,0,0,0,0,0,0,0,NoBug
ed88d7286080492045efafb45a69fa4cb6eeb94d,com.thinkaurelius.titan.graphdb.database.StandardTitanGraph.getEntry(Lcom/thinkaurelius/titan/graphdb/transaction/InternalTitanTransaction;Lcom/thinkaurelius/titan/graphdb/relations/InternalRelation;Lcom/thinkaurelius/titan/graphdb/vertices/InternalTitanVertex;Ljava/util/Map;Z)Lcom/thinkaurelius/titan/diskstorage/Entry;,0.0,0,0,0,0.0,0.0,0,0,726.405,163.012,673333.0,7682.22,597,121,37407.4,4130.56,52.3738,30.628,16.1217,9.42788,18,4,4,3,33,0.0357143,3,0,0.0357143,3,81,94,70,5,81,94,70,0,0,0,0,4,0,0,3,0,0,0,1,0,0,0,0,0,0,0,0,0,0,0,0,0,0,0,0,0,0,0,0,0,0,0,NoBug
4d4700f2228f768450954df98aa8af68df125e2f,com.thinkaurelius.titan.graphdb.query.vertex.VertexLongList.iterator()Ljava/util/Iterator;,0.0,0,0,0,0.0,0.0,0,0,24.0,4.0,126.797,25.239,10,9,7.04428,31.6992,126.724,74.1078,107.226,62.705,1,0,0,0,0,0.0,0,0,0.0,0,5,5,1,0,20,25,7,0,0,0,1,3,0,0,2,0,0,0,0,0,1,0,0,0,0,0,0,0,0,0,0,0,0,0,0,0,0,0,0,0,1,0,NoBug
ed88d7286080492045efafb45a69fa4cb6eeb94d,com.thinkaurelius.titan.graphdb.query.SimpleAtomicQuery.vertexIds()Lcom/thinkaurelius/titan/graphdb/query/VertexListInternal;,0.0,0,0,0,0.0,0.0,0,0,66.0,8.0,833.985,88.6011,25,18,46.3325,104.248,110.782,64.7846,84.327,49.3141,2,1,1,1,4,0.0,0,0,0.0,0,9,9,4,0,9,9,4,0,0,0,0,1,0,0,0,0,0,0,0,0,1,0,0,0,0,0,0,0,0,0,0,0,0,0,0,0,0,0,0,0,0,0,NoBug
ed88d7286080492045efafb45a69fa4cb6eeb94d,com.thinkaurelius.titan.graphdb.relations.LabeledTitanEdge.getEdges()Ljava/lang/Iterable;,0.0,0,0,0,0.0,0.0,0,0,53.303,7.0,437.572,57.6368,16,15,24.3095,62.5103,126.808,74.1569,107.347,62.7758,1,0,0,1,2,0.0,0,0,0.0,0,4,4,1,0,4,4,1,0,0,0,0,0,0,0,0,0,0,0,0,0,0,0,0,0,0,0,0,0,0,0,0,0,0,0,0,0,0,0,0,0,0,0,NoBug
ed88d7286080492045efafb45a69fa4cb6eeb94d,com.thinkaurelius.titan.graphdb.query.EmptyAtomicQuery.propertyCount()J,0.0,0,0,0,0.0,0.0,0,0,13.6096,2.5,49.1287,13.414,7,7,2.72937,19.6515,132.826,77.6758,116.028,67.8525,1,0,0,0,0,0.0,0,0,0.0,0,4,4,1,0,4,4,1,0,0,0,0,0,0,0,0,0,0,0,0,0,0,0,0,0,0,0,0,0,0,0,0,0,0,0,0,0,0,0,0,0,0,0,NoBug
070f75a3a577d2703e77fac45710686dc1cd8a99,com.thinkaurelius.titan.graphdb.TitanGraphTest.testVertexTTLImplicitKey()V,0.0,0,0,0,0.0,0.0,0,0,117.593,6.5,2551.58,186.727,80,30,141.755,392.551,87.9977,51.4606,83.3921,48.7673,2,1,1,0,0,0.2,6,0,0.2,6,24,37,20,0,24,37,20,0,0,0,8,5,0,0,0,0,0,0,0,0,0,0,0,1,0,4,0,0,0,0,0,0,0,0,0,0,0,0,0,1,7,0,NoBug
de5ed8fe8b9525d3a760033fc7a8e2877220b0fe,com.thinkaurelius.titan.diskstorage.hazelcast.AbstractHazelcastStoreManager.<init>(LConfiguration;)V,0.0,0,0,0,0.0,0.0,0,0,91.3567,8.27273,1459.86,128.689,38,25,81.1033,176.467,108.045,63.184,80.3783,47.0049,2,1,1,2,2,0.0,0,0,0.0,0,9,10,6,1,9,10,6,0,0,0,0,2,0,0,2,0,0,0,0,0,0,0,0,0,0,0,0,0,0,0,0,0,0,0,0,0,0,0,0,0,0,0,NoBug
ed88d7286080492045efafb45a69fa4cb6eeb94d,com.thinkaurelius.titan.graphdb.query.SimpleAtomicQuery.labels([Ljava/lang/String;)Lcom/thinkaurelius/titan/core/TitanQuery;,0.0,0,0,0,0.0,0.0,0,0,42.8086,5.5,293.166,44.1309,14,14,16.287,53.303,127.637,74.6414,108.542,63.4749,1,0,0,0,0,0.0,0,0,0.0,0,4,4,1,1,4,4,1,0,0,0,0,0,0,0,0,0,0,0,0,0,0,0,0,0,0,0,0,0,0,0,0,0,0,0,0,0,0,0,0,0,0,0,NoBug
ed88d7286080492045efafb45a69fa4cb6eeb94d,com.thinkaurelius.titan.util.interval.DoesNotExist.isRange()Z,0.0,0,0,0,0.0,0.0,0,0,13.6096,2.5,49.1287,13.414,7,7,2.72937,19.6515,132.826,77.6758,116.028,67.8525,1,0,0,0,0,0.0,0,0,0.0,0,4,4,1,0,4,4,1,0,0,0,0,0,0,0,0,0,0,0,0,0,0,0,0,0,0,0,0,0,0,0,0,0,0,0,0,0,0,0,0,0,0,0,NoBug
86bc51a0b9aa5d6d59ec1770f6fdafff8d0a5f7e,com.thinkaurelius.titan.diskstorage.keycolumnvalue.KeyRangeQuery.hashCode()I,0.0,0,0,0,0.0,0.0,0,0,42.8086,5.5,376.928,52.1802,18,14,20.9405,68.5324,126.33,73.8772,106.657,62.3723,1,0,0,0,1,0.0,0,0,0.0,0,4,4,1,0,4,4,1,0,0,0,0,0,0,0,0,0,0,0,0,0,0,0,0,0,0,0,0,0,0,0,0,0,0,0,0,0,0,0,0,0,0,0,NoBug
55d73740c60812fa57864c07f01e08b09a4504f4,com.thinkaurelius.titan.graphdb.TitanEventualGraphTest.<init>(LConfiguration;)V,0.0,0,0,0,0.0,0.0,0,0,10.0,3.0,54.2842,14.3367,7,6,3.01579,18.0947,137.915,80.6522,123.371,72.1466,1,0,0,1,1,0.0,0,0,0.0,0,3,3,1,1,3,3,1,0,0,0,0,0,0,0,0,0,0,0,0,0,0,0,0,0,0,0,0,0,0,0,0,0,0,0,0,0,0,0,0,0,0,0,NoBug
55d73740c60812fa57864c07f01e08b09a4504f4,com.thinkaurelius.titan.graphdb.database.IndexSerializer.bytebuffer2RelationId(Lcom/thinkaurelius/titan/diskstorage/ReadBuffer;)Lcom/thinkaurelius/titan/graphdb/relations/RelationIdentifier;,0.0,0,0,0,0.0,0.0,0,0,117.759,20.4286,4267.39,263.092,43,29,237.077,208.893,116.69,68.2395,92.8503,54.2984,2,1,1,1,2,0.0,0,0,0.0,0,5,5,6,1,5,5,6,0,0,0,0,1,0,0,1,0,0,0,0,0,0,0,0,0,0,0,0,0,0,0,0,0,0,0,0,0,0,0,0,0,0,0,NoBug
ed88d7286080492045efafb45a69fa4cb6eeb94d,com.thinkaurelius.titan.graphdb.vertices.VertexUtil.prepareForRemoval(Lcom/thinkaurelius/titan/graphdb/vertices/InternalTitanVertex;)V,0.0,0,0,0,0.0,0.0,0,0,115.652,18.4,3715.12,239.873,42,28,206.396,201.909,113.683,66.4812,88.6143,51.8212,3,2,2,1,4,0.0,0,0,0.0,0,6,6,4,1,6,6,4,0,0,0,0,1,0,0,1,0,0,0,0,0,0,0,0,0,0,0,0,0,0,0,0,0,0,0,0,0,0,0,0,0,0,0,NoBug
ac746d5753151c1904efda645429fca6a9086231,com.thinkaurelius.titan.graphdb.database.StandardTitanGraph.persist(LListMultimap;LMap;LInternalTitanTransaction;LBackendMutator;)V,0.0,0,0,0,0.0,0.0,0,0,440.852,90.0,128588.0,2547.61,226,80,7143.78,1428.76,75.2937,44.0314,72.6279,42.4725,10,6,6,1,13,0.326087,15,0,0.326087,15,31,49,23,4,31,49,23,0,0,0,0,2,0,0,2,0,0,0,0,0,0,0,0,0,0,0,0,0,0,0,0,0,0,0,0,0,0,0,0,0,0,0,NoBug
0a02b5352020cdf5518610bd54c004399c5308f3,com.thinkaurelius.titan.diskstorage.util.OrderedKeyValueStoreAdapter$KeyColumnSliceSelector.reachedLimit()Z,0.0,0,0,0,0.0,0.0,0,0,20.2647,3.0,85.588,19.4212,9,9,4.75489,28.5293,130.887,76.5422,113.231,66.2171,1,0,0,0,0,0.0,0,0,0.0,0,4,4,1,0,4,4,1,0,0,0,0,0,0,0,0,0,0,0,0,0,0,0,0,0,0,0,0,0,0,0,0,0,0,0,0,0,0,0,0,0,0,0,NoBug
55d73740c60812fa57864c07f01e08b09a4504f4,com.thinkaurelius.titan.graphdb.thrift.InternalCassandraEventualGraphTest.beforeClass()V,0.0,0,0,0,0.0,0.0,0,0,35.2193,5.0,233.023,37.8674,13,12,12.9457,46.6045,128.335,75.0498,109.55,64.0641,1,0,0,0,1,0.0,0,0,0.0,0,4,4,1,0,4,4,1,0,0,0,0,0,0,0,0,0,0,0,0,0,0,0,0,0,0,0,0,0,0,0,0,0,0,0,0,0,0,0,0,0,0,0,NoBug
8ed7a34830b0a78e03142c2f4be6ea9d63b30fa8,com.thinkaurelius.titan.graphdb.idmanagement.IDPoolTest.testAllocationTimeoutAndRecovery()V,0.0,0,0,0,0.0,0.0,0,0,111.906,7.0,2210.38,169.686,65,29,122.799,315.769,90.5391,52.9468,76.7458,44.8806,2,1,1,0,0,0.0833333,2,0,0.0322581,2,22,31,15,0,60,75,26,0,1,0,7,3,0,1,0,0,0,0,0,0,1,1,0,1,0,1,0,0,0,0,0,0,0,0,0,0,0,0,0,0,7,0,NoBug
33a560db97bf3187ac45d1fe4fdf2e6b817bec40,com.thinkaurelius.titan.core.attribute.FullDouble.<init>()V,0.0,0,0,0,0.0,0.0,0,0,4.75489,1.5,12.0,5.24148,4,4,0.666667,8.0,159.957,93.542,155.17,90.7427,1,0,0,0,0,0.0,0,0,0.0,0,1,1,0,0,1,1,0,0,0,0,0,0,0,0,0,0,0,0,0,0,0,0,0,0,0,0,0,0,0,0,0,0,0,0,0,0,0,0,0,0,0,0,NoBug
ed88d7286080492045efafb45a69fa4cb6eeb94d,com.thinkaurelius.titan.graphdb.query.EmptyAtomicQuery.edgeIterator()Ljava/util/Iterator;,0.0,0,0,0,0.0,0.0,0,0,24.0,4.0,114.117,23.5271,9,9,6.33985,28.5293,130.887,76.5422,113.231,66.2171,1,0,0,0,0,0.0,0,0,0.0,0,4,4,1,0,4,4,1,0,0,0,0,0,0,0,0,0,0,0,0,0,0,0,0,0,0,0,0,0,0,0,0,0,0,0,0,0,0,0,0,0,0,0,NoBug
9a49faa3669fc2c03e458c7999ecf095e0b0725d,com.thinkaurelius.titan.graphdb.idmanagement.VertexIDAssignerTest.testIDAssignment()V,0.0,0,0,0,0.0,0.0,0,0,421.658,15.5,19737.1,730.336,202,79,1096.51,1273.36,64.4156,37.6699,35.9383,21.0166,17,6,6,0,0,0.05,3,0,0.05,3,57,63,51,0,57,63,51,0,0,0,16,15,0,0,8,0,0,0,0,0,0,0,0,0,0,7,0,0,0,0,0,0,0,0,0,0,0,0,0,0,16,0,NoBug
8ed7a34830b0a78e03142c2f4be6ea9d63b30fa8,com.thinkaurelius.titan.graphdb.database.idassigner.StandardIDPool$IDBlockGetter.call()Lcom/thinkaurelius/titan/diskstorage/IDBlock;,0.0,0,0,0,0.0,0.0,0,0,233.12,22.7857,12602.7,541.556,98,50,700.152,553.098,86.9343,50.8388,50.228,29.3731,5,2,2,0,6,0.0,0,0,0.0,0,22,23,11,0,22,23,11,0,0,0,2,3,0,0,0,0,0,0,0,0,1,0,0,0,0,0,4,0,0,0,0,0,0,0,0,0,0,0,0,0,0,0,NoBug
070f75a3a577d2703e77fac45710686dc1cd8a99,com.thinkaurelius.titan.graphdb.TitanGraphTest.testPropertyTTLTiming()V,0.317829,1,1,1,0.22449,0.25641,11,10,311.098,6.0,6131.35,334.994,173,60,340.631,1021.89,75.1574,43.9517,49.7081,29.069,2,1,1,0,0,0.0487805,2,0,0.0487805,2,39,49,35,0,39,49,35,0,0,0,12,13,0,0,0,0,0,0,0,0,0,0,0,0,0,13,0,0,0,0,0,0,0,0,0,0,0,0,4,1,7,0,NoBug
ed88d7286080492045efafb45a69fa4cb6eeb94d,com.thinkaurelius.titan.graphdb.relations.AttributeUtil.prepareAttribute(Ljava/lang/Object;Ljava/lang/Class;)Ljava/lang/Object;,0.0,0,0,0,0.0,0.0,0,0,154.257,36.0,13295.1,561.213,72,35,738.617,369.308,100.034,58.4992,69.2281,40.4842,6,3,2,4,0,0.0,0,0,0.0,0,11,11,7,2,11,11,7,0,0,0,0,1,0,0,0,0,0,0,0,0,1,0,0,0,0,0,0,0,0,0,0,0,0,0,0,0,0,0,0,0,0,0,NoBug
65361de5ecc2f63e0a69dbcd1370847c800b5cc7,com.thinkaurelius.titan.diskstorage.es.ElasticSearchIndex.getFilter(LKeyCondition;)LFilterBuilder;,0.0,0,0,0,0.0,0.0,0,0,555.277,93.0,281132.0,4291.48,457,98,15618.4,3022.92,58.7699,34.3684,37.1826,21.7442,22,6,4,1,15,0.123077,8,0,0.123077,8,57,66,50,1,57,66,50,0,1,0,0,5,0,0,4,0,0,0,0,0,2,0,0,0,0,0,0,0,0,0,0,0,0,0,0,0,0,0,0,0,0,0,NoBug
55d73740c60812fa57864c07f01e08b09a4504f4,com.thinkaurelius.titan.graphdb.database.IndexSerializer.getIndexColumn(Lcom/thinkaurelius/titan/core/TitanKey;Lcom/thinkaurelius/titan/core/TitanProperty;)Lcom/thinkaurelius/titan/diskstorage/StaticBuffer;,0.0,0,0,0,0.0,0.0,0,0,79.8135,30.0,6852.02,360.755,52,21,380.668,228.4,106.473,62.2651,78.213,45.7386,3,2,1,3,5,0.0,0,0,0.0,0,9,9,5,2,9,9,5,0,0,0,0,1,0,0,0,0,0,0,0,0,1,0,0,0,0,0,0,0,0,0,0,0,0,0,0,0,0,0,0,0,0,0,NoBug
cf981127bcf88a6f6b6c160104ce6e97c2c37554,com.thinkaurelius.titan.graphdb.TitanGraphPerformanceTest.unlabeledEdgeInsertion()V,0.0,0,0,0,0.0,0.0,0,0,38.0537,5.5,256.325,40.3516,13,12,14.2403,46.6045,128.335,75.0498,109.55,64.0641,1,0,0,0,2,0.0,0,0,0.0,0,4,4,1,0,4,4,1,0,0,0,1,0,0,0,0,0,0,0,0,0,0,0,0,0,0,0,0,0,0,0,0,0,0,0,0,0,0,0,0,1,0,0,NoBug
070f75a3a577d2703e77fac45710686dc1cd8a99,com.thinkaurelius.titan.graphdb.blueprints.TitanBlueprintsTransaction.addVertex(Ljava/lang/Object;)Lcom/thinkaurelius/titan/core/TitanVertex;,0.0,0,0,0,0.0,0.0,0,0,143.258,25.2,9487.1,448.149,74,34,527.061,376.472,96.2569,56.2906,107.11,62.6375,5,3,2,1,3,0.461538,12,12,0.461538,12,14,14,9,1,14,14,9,0,0,0,0,3,0,0,2,0,0,0,0,0,1,0,0,0,0,0,0,0,0,0,0,0,0,0,0,0,0,0,0,0,0,0,NoBug
55d73740c60812fa57864c07f01e08b09a4504f4,com.thinkaurelius.titan.graphdb.database.IndexSerializer.getIndexValue(Lcom/thinkaurelius/titan/core/TitanProperty;)Lcom/thinkaurelius/titan/diskstorage/StaticBuffer;,0.0,0,0,0,0.0,0.0,0,0,66.0,16.0,1801.41,148.05,27,18,100.078,112.588,128.409,75.093,109.656,64.1264,1,0,0,2,3,0.0,0,0,0.0,0,3,3,1,1,3,3,1,0,0,0,0,0,0,0,0,0,0,0,0,0,0,0,0,0,0,0,0,0,0,0,0,0,0,0,0,0,0,0,0,0,0,0,NoBug
ed88d7286080492045efafb45a69fa4cb6eeb94d,com.thinkaurelius.titan.graphdb.vertices.AbstractTitanVertex.getTitanEdges(LDirection;[LTitanLabel;)LIterable;,0.0,0,0,0,0.0,0.0,0,0,74.2418,14.1667,1530.68,132.818,25,20,85.0379,108.048,123.963,72.4928,103.241,60.375,1,0,0,0,2,0.0,0,0,0.0,0,4,4,1,2,4,4,1,0,0,0,0,0,0,0,0,0,0,0,0,0,0,0,0,0,0,0,0,0,0,0,0,0,0,0,0,0,0,0,0,0,0,0,NoBug
0a02b5352020cdf5518610bd54c004399c5308f3,com.thinkaurelius.titan.diskstorage.util.KeyValueStoreAdapter.getKeyLength(Ljava/nio/ByteBuffer;)I,0.0,0,0,0,0.0,0.0,0,0,75.6096,14.4,2023.98,160.006,32,21,112.443,140.554,113.299,66.2568,113.996,66.6644,2,1,1,4,1,0.125,1,0,0.125,1,7,7,4,1,7,7,4,0,0,0,0,0,0,0,0,0,0,0,0,0,0,0,0,0,0,0,0,0,0,0,0,0,0,0,0,0,0,0,0,0,0,0,NoBug
d39591ed87e4e2f0c854e1e9942af37cd070e2e5,com.thinkaurelius.titan.graphdb.relations.CacheEdge.getPropertyKeysDirect()Ljava/lang/Iterable;,1.0,1,4,1,1.0,1.0,11,11,166.858,40.7143,16543.7,649.266,78,37,919.096,406.337,99.9967,58.4776,68.9712,40.3341,4,2,2,0,6,0.0,0,0,0.0,0,11,11,10,0,11,11,10,0,0,0,0,4,0,0,4,0,0,0,0,0,0,0,0,0,0,0,0,0,0,0,0,0,0,0,0,0,0,0,0,0,0,0,NoBug
cf981127bcf88a6f6b6c160104ce6e97c2c37554,com.thinkaurelius.titan.graphdb.transaction.StandardTitanTx.removeRelation(Lcom/thinkaurelius/titan/graphdb/internal/InternalRelation;)V,0.0,0,0,0,0.0,0.0,0,0,255.007,65.3333,45583.6,1276.06,123,51,2532.42,697.708,84.5464,49.4424,68.2011,39.8837,7,4,4,4,11,0.08,2,0,0.08,2,23,25,17,1,23,25,17,0,0,0,0,4,0,0,4,0,0,0,0,0,0,0,0,0,0,0,0,0,0,0,0,0,0,0,0,0,0,0,0,0,0,0,Bag
ed88d7286080492045efafb45a69fa4cb6eeb94d,com.thinkaurelius.titan.graphdb.query.SimpleAtomicQuery.has(Lcom/thinkaurelius/titan/core/TitanType;Ljava/lang/Object;)Lcom/thinkaurelius/titan/graphdb/query/AtomicQuery;,0.0,0,0,0,0.0,0.0,0,0,177.58,42.625,19149.7,715.771,85,39,1063.87,449.259,91.4965,53.5067,56.7079,33.1625,4,2,2,2,6,0.0,0,0,0.0,0,18,18,10,2,18,18,10,0,0,0,0,2,0,0,0,0,0,0,0,0,2,0,0,0,0,0,0,0,0,0,0,0,0,0,0,0,0,0,0,0,0,0,NoBug
ed88d7286080492045efafb45a69fa4cb6eeb94d,com.thinkaurelius.titan.graphdb.query.SimpleAtomicQuery.propertyIterator()Ljava/util/Iterator;,0.0,0,0,0,0.0,0.0,0,0,68.7549,8.0,883.569,92.0789,26,19,49.0872,110.446,120.234,70.312,97.8613,57.2288,1,0,0,6,3,0.0,0,0,0.0,0,5,5,2,0,5,5,2,0,0,0,0,0,0,0,0,0,0,0,0,0,0,0,0,0,0,0,0,0,0,0,0,0,0,0,0,0,0,0,0,0,0,0,NoBug
7720850da32092290f6ee0e375eb22cb367a3310,com.thinkaurelius.faunus.FaunusPipeline.convert(Lcom.tinkerpop.gremlin.Tokens.T;)LCompare;,0.0,0,0,0,0.0,0.0,0,0,42.8086,22.0,6868.47,361.332,82,14,381.582,312.203,97.0003,56.7253,64.8519,37.9251,6,5,1,2,0,0.0,0,0,0.0,0,14,14,11,1,14,14,11,0,0,0,0,6,0,0,5,0,0,0,0,0,1,0,0,0,0,0,0,0,0,0,0,0,0,0,0,0,0,0,0,0,0,0,NoBug
d39591ed87e4e2f0c854e1e9942af37cd070e2e5,com.thinkaurelius.titan.graphdb.relations.CacheEdge.update()Lcom/thinkaurelius/titan/graphdb/internal/InternalRelation;,0.0,0,0,0,0.0,0.0,0,0,128.042,18.6875,6573.29,350.904,71,31,365.183,351.748,104.688,61.2209,75.4335,44.1132,1,0,0,2,10,0.0,0,0,0.0,0,9,10,7,0,9,10,7,0,0,0,0,1,0,0,0,0,0,0,0,0,1,0,0,0,0,0,0,0,0,0,0,0,0,0,0,0,0,0,0,0,0,0,NoBug
78f7182c4a3f837affbad4903aa3a0c6a1ad4fd3,com.thinkaurelius.titan.hadoop.formats.titan.cassandra.TitanCassandraInputFormat.setConf(LConfiguration;)V,0.0,0,0,0,0.0,0.0,0,0,72.1057,6.5,2112.7,164.649,74,21,117.372,325.031,92.3037,53.9788,74.8487,43.7712,4,1,1,0,0,0.05,1,0,0.05,1,19,22,16,1,19,22,16,0,0,0,1,6,0,0,6,0,0,0,0,0,0,0,0,0,0,0,0,0,0,0,0,0,0,0,0,0,0,0,0,0,1,0,NoBug
cf981127bcf88a6f6b6c160104ce6e97c2c37554,com.thinkaurelius.titan.graphdb.transaction.indexcache.ConcurrentIndexCache.remove(Lcom/thinkaurelius/titan/core/TitanProperty;)V,0.0,0,0,0,0.0,0.0,0,0,33.2842,7.5,403.308,54.5873,15,12,22.406,53.7744,127.591,74.6147,108.476,63.4362,1,0,0,0,1,0.0,0,0,0.0,0,4,4,1,1,4,4,1,0,0,0,0,1,0,0,0,0,0,0,0,0,1,0,0,0,0,0,0,0,0,0,0,0,0,0,0,0,0,0,0,0,0,0,NoBug
cf981127bcf88a6f6b6c160104ce6e97c2c37554,com.thinkaurelius.titan.graphdb.TitanGraphPerformanceTest.testInTxIndex()V,0.0,0,0,0,0.0,0.0,0,0,240.019,27.9,20099.1,739.238,127,51,1116.62,720.398,89.967,52.6123,54.5013,31.8721,4,3,3,0,6,0.0,0,0,0.0,0,17,18,17,0,17,18,17,0,0,0,2,2,0,0,0,0,0,0,0,0,0,0,0,0,0,1,0,1,0,0,0,0,0,0,0,0,0,0,1,1,0,0,NoBug
cf981127bcf88a6f6b6c160104ce6e97c2c37554,com.thinkaurelius.titan.graphdb.transaction.indexcache.ConcurrentIndexCache.add(Lcom/thinkaurelius/titan/core/TitanProperty;)V,0.0,0,0,0,0.0,0.0,0,0,33.2842,7.5,403.308,54.5873,15,12,22.406,53.7744,127.591,74.6147,108.476,63.4362,1,0,0,0,1,0.0,0,0,0.0,0,4,4,1,1,4,4,1,0,0,0,0,1,0,0,0,0,0,0,0,0,1,0,0,0,0,0,0,0,0,0,0,0,0,0,0,0,0,0,0,0,0,0,NoBug
63f50c66dd4ec7a3e6882886f4aee674552564e4,com.thinkaurelius.titan.diskstorage.Backend.getStorageManager(Lcom/thinkaurelius/titan/diskstorage/configuration/Configuration;)Lcom/thinkaurelius/titan/diskstorage/keycolumnvalue/KeyColumnValueStoreManager;,0.0,0,0,0,0.0,0.0,0,0,123.693,24.6429,6529.67,349.35,54,30,362.759,264.972,105.931,61.9479,77.3288,45.2215,2,1,1,2,4,0.0,0,0,0.0,0,9,9,5,1,9,9,5,0,0,0,0,0,0,0,0,0,0,0,0,0,0,0,0,0,0,0,0,0,0,0,0,0,0,0,0,0,0,0,0,0,0,0,NoBug
43df5df06cf3697da19de6fc286f28905647f3f8,com.thinkaurelius.titan.graphdb.TitanGraphTest.testTinkerPopCardinality()V,0.0,0,0,0,0.0,0.0,0,0,214.931,3.0,1686.96,141.711,103,44,93.7202,562.321,88.5219,51.7672,52.1112,30.4744,1,0,0,0,0,0.0,0,0,0.0,0,21,25,18,0,21,25,18,0,0,0,6,1,0,0,0,0,0,0,0,0,0,0,0,0,0,1,0,0,0,0,0,0,0,0,0,0,0,0,1,0,5,0,NoBug
8e76984347ad0cc94af1cde0ecb9b018e79d526c,com.thinkaurelius.titan.graphdb.database.serialize.StandardSerializer.close()V,0.0,0,0,0,0.0,0.0,0,0,19.6515,3.5,84.0,19.1802,8,8,4.66667,24.0,131.786,77.0679,114.528,66.9756,1,0,0,0,0,0.0,0,0,0.0,0,4,4,1,0,4,4,1,0,0,0,0,0,0,0,0,0,0,0,0,0,0,0,0,0,0,0,0,0,0,0,0,0,0,0,0,0,0,0,0,0,0,0,NoBug
86bc51a0b9aa5d6d59ec1770f6fdafff8d0a5f7e,com.thinkaurelius.titan.diskstorage.keycolumnvalue.CachedKeyColumnValueStore$2.call()Ljava/util/List;,0.0,0,0,0,0.0,0.0,0,0,59.7154,6.5,569.195,68.6816,21,18,31.6219,87.5684,121.441,71.0178,99.6026,58.2471,1,0,0,0,1,0.0,0,0,0.0,0,5,5,2,0,5,5,2,0,0,0,0,0,0,0,0,0,0,0,0,0,0,0,0,0,0,0,0,0,0,0,0,0,0,0,0,0,0,0,0,0,0,0,NoBug
1bea1e5a9d3de1b8eb128dd05c237b4a1d01201a,com.thinkaurelius.titan.graphdb.blueprints.TitanBlueprintsGraph.rollback()V,1.0,1,2,1,1.0,1.0,13,13,100.362,17.6429,3731.81,240.591,45,26,207.323,211.52,100.915,59.0148,70.1947,41.0495,3,2,2,1,2,0.0,0,0,0.0,0,13,13,7,0,13,13,7,0,0,0,0,0,0,0,0,0,0,0,0,0,0,0,0,0,0,0,0,0,0,0,0,0,0,0,0,0,0,0,0,0,0,0,NoBug
6eec0ad79102e9d0d93c7753410965aec85c296a,com.thinkaurelius.titan.graphdb.transaction.StandardTitanTx.removeRelation(Lcom/thinkaurelius/titan/graphdb/internal/InternalRelation;)V,0.0,0,0,0,0.0,0.0,0,0,261.859,71.6667,53109.1,1412.9,130,52,2950.51,741.057,83.5435,48.8559,66.3682,38.8118,7,4,4,4,12,0.0769231,2,0,0.0769231,2,24,26,18,1,24,26,18,0,0,0,0,5,0,0,4,0,0,0,0,0,1,0,0,0,0,0,0,0,0,0,0,0,0,0,0,0,0,0,0,0,0,0,NoBug
f25283628168a4888ce46f38e6cf7cecb2794c05,com.thinkaurelius.titan.graphdb.tinkerpop.TitanBlueprintsGraph.startNewTx()Lcom/thinkaurelius/titan/graphdb/tinkerpop/TitanBlueprintsTransaction;,0.0,0,0,0,0.0,0.0,0,0,46.0537,5.5,558.685,67.8336,26,15,31.0381,101.579,112.595,65.8448,87.0444,50.9032,3,1,1,0,0,0.0,0,0,0.0,0,8,8,7,0,8,8,7,0,0,0,2,2,0,0,2,0,0,0,0,0,0,0,0,0,0,0,0,0,0,0,0,0,0,0,0,0,0,0,0,0,2,0,NoBug
442f468a5b0c962b5c087baa682302976a08cbb8,com.thinkaurelius.titan.diskstorage.Backend.getLockStore(Lcom/thinkaurelius/titan/diskstorage/keycolumnvalue/KeyColumnValueStore;)Lcom/thinkaurelius/titan/diskstorage/keycolumnvalue/KeyColumnValueStore;,0.0,0,0,0,0.0,0.0,0,0,28.7549,5.33333,239.854,38.6039,13,11,13.3252,44.9726,133.181,77.8836,116.541,68.1524,1,0,0,1,1,0.0,0,0,0.0,0,3,3,1,1,3,3,1,0,0,0,0,0,0,0,0,0,0,0,0,0,0,0,0,0,0,0,0,0,0,0,0,0,0,0,0,0,0,0,0,0,0,0,NoBug
3247d28161a1c089cb463c208ae21c5129eee1af,com.thinkaurelius.titan.graphdb.types.vertices.TitanSchemaVertex.name()Ljava/lang/String;,0.0,0,0,0,0.0,0.0,0,0,92.5293,8.0,1931.84,155.113,52,25,107.325,241.481,94.9547,55.529,61.5952,36.0206,3,2,2,0,0,0.0,0,0,0.0,0,18,18,10,0,18,18,10,0,0,0,2,0,0,0,0,0,0,0,0,0,0,0,0,0,0,0,0,0,0,0,0,0,0,0,0,0,0,0,0,0,2,0,NoBug
00aa8b9b5ef06997c0f455d7028235f520100fa9,com.thinkaurelius.titan.graphdb.TitanIndexTest.testIndexing()V,0.770064,2,20,5,0.638655,0.652632,76,62,1897.65,64.125,702173.0,7900.04,1364,261,39009.6,10950.1,45.8715,26.8254,2.8324,1.65638,13,1,1,0,19,0.0206186,2,0,0.0206186,2,95,119,101,0,95,119,101,0,0,0,7,32,0,0,0,0,0,0,1,0,0,0,0,0,0,31,0,0,0,0,0,0,0,0,0,0,0,0,4,0,3,0,NoBug
de5ed8fe8b9525d3a760033fc7a8e2877220b0fe,com.thinkaurelius.titan.diskstorage.hazelcast.AbstractHazelcastStoreManager.beginTransaction(Lcom/thinkaurelius/titan/diskstorage/keycolumnvalue/StoreTxConfig;)Lcom/thinkaurelius/titan/diskstorage/keycolumnvalue/StoreTransaction;,0.0,0,0,0,0.0,0.0,0,0,111.89,16.5,3410.82,226.589,43,28,189.49,206.716,105.515,61.7047,76.7289,44.8707,2,1,1,0,2,0.0,0,0,0.0,0,10,10,5,1,10,10,5,0,0,0,0,1,0,0,0,0,0,0,0,0,1,0,0,0,0,0,0,0,0,0,0,0,0,0,0,0,0,0,0,0,0,0,NoBug
8e76984347ad0cc94af1cde0ecb9b018e79d526c,com.thinkaurelius.titan.graphdb.database.serialize.kryo.KryoSerializer.close()V,0.0,0,0,0,0.0,0.0,0,0,11.6096,2.5,38.7744,11.4559,6,6,2.15414,15.5098,134.056,78.3955,162.26,94.8889,1,0,0,0,0,0.5,4,4,0.5,4,4,4,1,0,4,4,1,0,0,0,0,0,0,0,0,0,0,0,0,0,0,0,0,0,0,0,0,0,0,0,0,0,0,0,0,0,0,0,0,0,0,0,NoBug
1c0f0f651f910b8d982d09baf9a3dc355be2319b,com.thinkaurelius.titan.diskstorage.es.ElasticsearchRunner.watchLog(Ljava/lang/String;JLjava/util/concurrent/TimeUnit;)V,0.0,0,0,0,0.0,0.0,0,0,208.084,11.5,6161.53,336.093,97,46,342.307,535.786,82.3944,48.1839,57.7344,33.7628,6,4,4,0,0,0.0333333,1,0,0.0333333,1,29,36,19,3,29,36,19,0,0,0,7,2,0,0,0,0,0,0,0,0,2,0,0,0,0,0,0,0,0,0,0,0,0,0,0,0,0,0,0,0,7,0,NoBug
8ed7a34830b0a78e03142c2f4be6ea9d63b30fa8,com.thinkaurelius.titan.diskstorage.keycolumnvalue.StandardStoreFeatures$Builder.supportsInterruption(Z)Lcom/thinkaurelius/titan/diskstorage/keycolumnvalue/StandardStoreFeatures$Builder;,0.0,0,0,0,0.0,0.0,0,0,21.6515,3.5,110.947,23.0893,10,9,6.16374,31.6992,126.724,74.1078,107.226,62.705,1,0,0,1,0,0.0,0,0,0.0,0,5,5,2,1,5,5,2,0,0,0,0,0,0,0,0,0,0,0,0,0,0,0,0,0,0,0,0,0,0,0,0,0,0,0,0,0,0,0,0,0,0,0,NoBug
ed88d7286080492045efafb45a69fa4cb6eeb94d,com.thinkaurelius.titan.graphdb.query.ComplexTitanQuery.limit(J)Lcom/thinkaurelius/titan/core/TitanQuery;,0.0,0,0,0,0.0,0.0,0,0,86.6683,21.6,3615.23,235.554,37,23,200.846,167.372,114.888,67.1862,90.2517,52.7787,2,1,1,0,1,0.0,0,0,0.0,0,6,6,5,1,6,6,5,0,0,0,0,1,0,0,1,0,0,0,0,0,0,0,0,0,0,0,0,0,0,0,0,0,0,0,0,0,0,0,0,0,0,0,NoBug
d39591ed87e4e2f0c854e1e9942af37cd070e2e5,com.thinkaurelius.titan.graphdb.relations.CacheEdge.getID()J,0.0,0,0,0,0.0,0.0,0,0,71.4869,17.0,1949.8,156.073,27,19,108.322,114.694,116.854,68.3355,93.087,54.4369,2,1,1,0,3,0.0,0,0,0.0,0,6,6,4,0,6,6,4,0,0,0,0,2,0,0,1,0,0,0,0,0,1,0,0,0,0,0,0,0,0,0,0,0,0,0,0,0,0,0,0,0,0,0,NoBug
ed88d7286080492045efafb45a69fa4cb6eeb94d,com.thinkaurelius.titan.graphdb.vertices.VertexUtil.filterByQuery(Lcom/thinkaurelius/titan/graphdb/query/AtomicQuery;Ljava/lang/Iterable;)Ljava/lang/Iterable;,0.0,0,0,0,0.0,0.0,0,0,150.116,42.0,18589.6,701.746,87,34,1032.76,442.609,101.423,59.3117,71.6398,41.8946,10,1,1,2,7,0.0,0,0,0.0,0,9,13,7,2,60,71,53,0,0,0,0,26,0,0,22,0,0,0,0,0,2,0,0,0,0,0,0,0,0,0,0,0,0,0,0,2,0,0,0,0,0,0,NoBug
26bbee89f169c89334baf92b54894fa17230d5d4,com.thinkaurelius.titan.graphdb.transaction.StandardPersistTitanTx.deletedRelation(Lcom/thinkaurelius/titan/graphdb/relations/InternalRelation;)V,0.0,0,0,0,0.0,0.0,0,0,91.1935,30.0,5971.1,329.132,44,23,331.728,199.037,109.097,63.7994,106.686,62.3893,3,1,1,0,5,0.111111,1,0,0.111111,1,8,9,4,1,8,9,4,0,0,0,0,0,0,0,0,0,0,0,0,0,0,0,0,0,0,0,0,0,0,0,0,0,0,0,0,0,0,0,0,0,0,0,NoBug
3b4dd304515746e895b4ea7cd1728c0bcfd5d460,com.thinkaurelius.titan.core.TitanFactory$Builder.open()Lcom/thinkaurelius/titan/core/TitanGraph;,0.0,0,0,0,0.0,0.0,0,0,21.6515,3.5,155.326,28.8955,14,9,8.62924,44.3789,124.975,73.0846,149.158,87.2269,1,0,0,0,0,0.5,5,5,0.5,5,5,5,2,0,5,5,2,0,0,0,1,1,0,0,0,0,0,0,0,0,0,0,0,1,0,0,0,0,0,0,0,0,0,0,0,0,0,0,0,0,1,0,NoBug
d39591ed87e4e2f0c854e1e9942af37cd070e2e5,com.thinkaurelius.titan.graphdb.relations.CacheEdge.<init>(JLcom/thinkaurelius/titan/core/TitanLabel;Lcom/thinkaurelius/titan/graphdb/internal/InternalVertex;Lcom/thinkaurelius/titan/graphdb/internal/InternalVertex;BLcom/thinkaurelius/titan/diskstorage/keycolumnvalue/Entry;)V,0.0,0,0,0,0.0,0.0,0,0,91.3567,12.7273,2600.56,189.109,44,25,144.476,204.33,111.354,65.1191,85.1521,49.7966,2,0,0,1,1,0.0,0,0,0.0,0,7,7,5,6,7,7,5,0,0,0,0,0,0,0,0,0,0,0,0,0,0,0,0,0,0,0,0,0,0,0,0,0,0,0,0,0,0,0,0,0,0,0,NoBug
560c02dc92a77b07cd3fead1f073c16b948eb2be,com.thinkaurelius.titan.graphdb.database.StandardTitanGraph.save(Ljava/util/Collection;Ljava/util/Collection;Lcom/thinkaurelius/titan/graphdb/transaction/StandardTitanTx;)V,0.0,0,0,0,0.0,0.0,0,0,762.458,134.151,469877.0,6043.98,502,126,26104.3,3502.59,51.696,30.2316,29.6273,17.3259,32,6,6,1,29,0.141176,12,0,0.141176,12,73,97,61,3,73,97,61,0,0,0,3,15,0,2,13,0,0,0,0,0,2,0,0,0,0,0,0,0,0,0,0,0,0,0,0,0,0,1,0,0,0,0,NoBug
55d73740c60812fa57864c07f01e08b09a4504f4,com.thinkaurelius.titan.graphdb.database.IndexSerializer.getIDIndexColumn(Lcom/thinkaurelius/titan/core/TitanKey;J)Lcom/thinkaurelius/titan/diskstorage/StaticBuffer;,0.0,0,0,0,0.0,0.0,0,0,63.3582,12.5,1198.85,112.852,23,18,66.603,95.9083,129.243,75.5806,110.859,64.8298,1,0,0,3,2,0.0,0,0,0.0,0,3,3,1,2,3,3,1,0,0,0,0,0,0,0,0,0,0,0,0,0,0,0,0,0,0,0,0,0,0,0,0,0,0,0,0,0,0,0,0,0,0,0,NoBug
3247d28161a1c089cb463c208ae21c5129eee1af,com.thinkaurelius.titan.graphdb.database.cache.MetricInstrumentedSchemaCache.getSchemaId(Ljava/lang/String;)Ljava/lang/Long;,0.0,0,0,0,0.0,0.0,0,0,21.6515,3.5,122.042,24.604,11,9,6.78012,34.8692,126.229,73.818,106.511,62.2869,1,0,0,0,0,0.0,0,0,0.0,0,5,5,2,1,5,5,2,0,0,0,0,0,0,0,0,0,0,0,0,0,0,0,0,0,0,0,0,0,0,0,0,0,0,0,0,0,0,0,0,0,0,0,NoBug
ed88d7286080492045efafb45a69fa4cb6eeb94d,com.thinkaurelius.titan.graphdb.relations.LabeledTitanEdge.getTitanEdges(LDirection;[LTitanLabel;)LIterable;,0.0,0,0,0,0.0,0.0,0,0,74.2418,14.1667,1530.68,132.818,25,20,85.0379,108.048,123.963,72.4928,103.241,60.375,1,0,0,0,2,0.0,0,0,0.0,0,4,4,1,2,4,4,1,0,0,0,0,0,0,0,0,0,0,0,0,0,0,0,0,0,0,0,0,0,0,0,0,0,0,0,0,0,0,0,0,0,0,0,NoBug
ed88d7286080492045efafb45a69fa4cb6eeb94d,com.thinkaurelius.titan.graphdb.query.EmptyAtomicQuery.queryHidden()Z,0.0,0,0,0,0.0,0.0,0,0,13.6096,2.5,49.1287,13.414,7,7,2.72937,19.6515,132.826,77.6758,116.028,67.8525,1,0,0,0,0,0.0,0,0,0.0,0,4,4,1,0,4,4,1,0,0,0,0,0,0,0,0,0,0,0,0,0,0,0,0,0,0,0,0,0,0,0,0,0,0,0,0,0,0,0,0,0,0,0,NoBug
8ed7a34830b0a78e03142c2f4be6ea9d63b30fa8,com.thinkaurelius.titan.diskstorage.idmanagement.ConsistentKeyIDAuthority.supportsInterruption()Z,0.0,0,0,0,0.0,0.0,0,0,11.6096,2.5,38.7744,11.4559,6,6,2.15414,15.5098,134.056,78.3955,117.803,68.8909,1,0,0,0,0,0.0,0,0,0.0,0,4,4,1,0,4,4,1,0,0,0,0,0,0,0,0,0,0,0,0,0,0,0,0,0,0,0,0,0,0,0,0,0,0,0,0,0,0,0,0,0,0,0,NoBug
7130ed23b24f93a9fa5a82b81e58529abeb3d6bd,com.thinkaurelius.titan.graphdb.database.StandardTitanGraph.<init>(Lcom/thinkaurelius/titan/graphdb/configuration/GraphDatabaseConfiguration;)V,0.0,0,0,0,0.0,0.0,0,0,534.749,54.7206,88438.6,1985.0,246,95,4913.25,1616.18,79.3422,46.3989,53.6566,31.3781,2,1,1,1,21,0.037037,1,0,0.037037,1,26,32,23,1,26,32,23,0,0,0,0,0,0,0,0,0,0,0,0,0,0,0,0,0,0,0,0,0,0,0,0,0,0,0,0,0,0,0,0,0,0,0,NoBug
33a560db97bf3187ac45d1fe4fdf2e6b817bec40,com.thinkaurelius.titan.graphdb.database.serialize.attribute.CharacterSerializer.writeObjectData(Lcom/thinkaurelius/titan/graphdb/database/serialize/DataOutput;Ljava/lang/Character;)V,0.0,0,0,0,0.0,0.0,0,0,70.213,10.5,1134.51,108.777,25,20,63.0281,108.048,123.963,72.4928,103.241,60.375,1,0,0,0,1,0.0,0,0,0.0,0,4,4,1,2,4,4,1,0,0,0,0,1,0,0,0,0,0,0,1,0,0,0,0,0,0,0,0,0,0,0,0,0,0,0,0,0,0,0,0,0,0,0,NoBug
ed88d7286080492045efafb45a69fa4cb6eeb94d,com.thinkaurelius.titan.graphdb.query.ComplexTitanQuery.inMemory()Lcom/thinkaurelius/titan/core/TitanQuery;,0.0,0,0,0,0.0,0.0,0,0,77.4869,21.25,3173.45,215.951,34,21,176.303,149.339,115.481,67.5328,91.1069,53.2789,2,1,1,0,1,0.0,0,0,0.0,0,6,6,5,0,6,6,5,0,0,0,0,1,0,0,1,0,0,0,0,0,0,0,0,0,0,0,0,0,0,0,0,0,0,0,0,0,0,0,0,0,0,0,NoBug
ed88d7286080492045efafb45a69fa4cb6eeb94d,com.thinkaurelius.titan.util.interval.DoesNotExist.hasHoles()Z,0.0,0,0,0,0.0,0.0,0,0,13.6096,2.5,49.1287,13.414,7,7,2.72937,19.6515,132.826,77.6758,116.028,67.8525,1,0,0,0,0,0.0,0,0,0.0,0,4,4,1,0,4,4,1,0,0,0,0,0,0,0,0,0,0,0,0,0,0,0,0,0,0,0,0,0,0,0,0,0,0,0,0,0,0,0,0,0,0,0,NoBug
070f75a3a577d2703e77fac45710686dc1cd8a99,com.thinkaurelius.titan.graphdb.serializer.SerializerGraphConfiguration.testOnlyRegisteredSerialization()V,0.0,0,0,0,0.0,0.0,0,0,174.101,5.0,2669.13,192.418,101,39,148.285,533.826,84.4911,49.41,60.8279,35.5719,2,1,1,0,0,0.0357143,1,0,0.0357143,1,27,33,22,0,27,33,22,0,1,0,9,0,0,1,0,0,0,0,0,0,0,1,0,0,0,0,0,0,0,0,0,0,0,0,0,0,0,1,1,0,7,0,NoBug
9a49faa3669fc2c03e458c7999ecf095e0b0725d,com.thinkaurelius.titan.util.datastructures.RelationCacheTest.testPerformance()V,0.0,0,0,0,0.0,0.0,0,0,156.239,8.0,3167.35,215.674,76,37,175.964,395.918,89.9869,52.6239,54.7337,32.008,6,3,3,0,0,0.0,0,0,0.0,0,20,20,20,0,20,20,20,0,0,0,8,3,0,0,0,0,0,0,0,0,0,0,0,0,0,3,0,0,0,0,0,0,0,0,0,0,0,0,0,0,8,0,NoBug
9a49faa3669fc2c03e458c7999ecf095e0b0725d,com.thinkaurelius.titan.graphdb.database.EdgeSerializer.parseRelation(Lcom/thinkaurelius/titan/diskstorage/Entry;ZLcom/thinkaurelius/titan/graphdb/types/TypeInspector;)Lcom/thinkaurelius/titan/graphdb/relations/RelationCache;,0.0,0,0,0,0.0,0.0,0,0,346.628,15.0,23741.1,826.039,260,68,1318.95,1582.74,58.052,33.9485,26.0666,15.2436,15,4,4,0,0,0.0470588,4,0,0.0470588,4,81,95,65,3,81,95,65,0,0,0,22,2,0,0,2,0,0,0,0,0,0,0,0,0,0,0,0,0,0,0,0,0,0,0,0,0,0,0,0,0,22,0,NoBug
814a5107c5858ef3d4411610feaed4cf74237eb5,com.thinkaurelius.titan.graphdb.relations.CacheEdge$1.apply(Lcom/thinkaurelius/titan/graphdb/internal/InternalRelation;)Z,0.0,0,0,0,0.0,0.0,0,0,68.7549,13.3333,1302.7,119.279,23,19,72.3721,97.7023,124.256,72.6643,103.766,60.6821,2,0,0,0,1,0.0,0,0,0.0,0,4,4,1,1,4,4,1,0,0,0,0,0,0,0,0,0,0,0,0,0,0,0,0,0,0,0,0,0,0,0,0,0,0,0,0,0,0,0,0,0,0,0,NoBug
ed88d7286080492045efafb45a69fa4cb6eeb94d,com.thinkaurelius.titan.graphdb.query.ComplexTitanQuery.properties()Ljava/lang/Iterable;,0.0,0,0,0,0.0,0.0,0,0,45.0195,6.0,365.506,51.1207,16,14,20.3059,60.9177,126.943,74.2354,107.54,62.8891,1,0,0,1,2,0.0,0,0,0.0,0,4,4,1,0,4,4,1,0,0,0,0,0,0,0,0,0,0,0,0,0,0,0,0,0,0,0,0,0,0,0,0,0,0,0,0,0,0,0,0,0,0,0,NoBug
ed88d7286080492045efafb45a69fa4cb6eeb94d,com.thinkaurelius.titan.graphdb.query.DisjunctiveQueryIterator.<init>(Ljava/util/List;Ljava/lang/Class;)V,0.0,0,0,0,0.0,0.0,0,0,78.2548,13.9286,2795.11,198.426,45,22,155.284,200.674,109.514,64.0434,82.3967,48.1852,1,0,0,1,1,0.0,0,0,0.0,0,8,8,6,2,8,8,6,0,0,0,0,0,0,0,0,0,0,0,0,0,0,0,0,0,0,0,0,0,0,0,0,0,0,0,0,0,0,0,0,0,0,0,NoBug
3247d28161a1c089cb463c208ae21c5129eee1af,com.thinkaurelius.titan.graphdb.transaction.StandardTitanTx.getSchemaVertex(Ljava/lang/String;)Lcom/thinkaurelius/titan/graphdb/types/vertices/TitanSchemaVertex;,0.0,0,0,0,0.0,0.0,0,0,77.303,7.0,1092.56,106.079,35,22,60.6978,156.08,108.453,63.4228,81.0693,47.4089,3,1,1,0,0,0.0,0,0,0.0,0,9,9,8,1,9,9,8,0,0,0,2,4,0,0,3,0,0,0,0,0,1,0,0,0,0,0,0,0,0,0,0,0,0,0,0,0,0,0,0,0,2,0,NoBug
9a49faa3669fc2c03e458c7999ecf095e0b0725d,com.thinkaurelius.titan.graphdb.TitanPartitionGraphTest.testKeybasedGraphPartitioning()V,0.0,0,0,0,0.0,0.0,0,0,197.869,8.5,3990.84,251.6,86,44,221.714,469.511,89.5603,52.3745,76.4296,44.6957,4,3,3,0,0,0.0909091,2,0,0.0909091,2,20,22,16,0,20,22,16,0,0,0,7,5,0,0,2,0,0,0,0,0,0,0,0,0,0,3,0,0,0,0,0,0,0,0,0,0,0,0,0,0,7,0,NoBug
6e5ccd4a2dcd59a5cf400e9e43892d3fea4847d4,com.thinkaurelius.titan.graphdb.blueprints.TitanBlueprintsTransaction.getIndexedKeys(Ljava/lang/Class;)Ljava/util/Set;,0.0,0,0,0,0.0,0.0,0,0,211.027,29.3636,12900.9,550.063,80,45,716.715,439.348,99.5906,58.2401,68.3853,39.9914,4,2,2,0,3,0.0,0,0,0.0,0,11,12,8,1,11,12,8,0,0,0,0,2,0,0,2,0,0,0,0,0,0,0,0,0,0,0,0,0,0,0,0,0,0,0,0,0,0,0,0,0,0,0,NoBug
63f50c66dd4ec7a3e6882886f4aee674552564e4,com.thinkaurelius.titan.diskstorage.Backend.getIndexes(Lcom/thinkaurelius/titan/diskstorage/configuration/Configuration;)Ljava/util/Map;,0.0,0,0,0,0.0,0.0,0,0,148.093,26.1818,9937.75,462.231,74,35,552.097,379.567,99.4016,58.1296,67.9089,39.7128,2,1,1,1,5,0.0,0,0,0.0,0,12,12,8,1,12,12,8,0,0,0,0,0,0,0,0,0,0,0,0,0,0,0,0,0,0,0,0,0,0,0,0,0,0,0,0,0,0,0,0,0,0,0,NoBug
ed88d7286080492045efafb45a69fa4cb6eeb94d,com.thinkaurelius.titan.graphdb.vertices.AbstractTitanVertex.getPropertyCount()J,0.0,0,0,0,0.0,0.0,0,0,43.0195,6.0,310.837,45.8869,14,13,17.2687,51.8062,127.785,74.7281,153.212,89.5979,1,0,0,0,2,0.5,4,4,0.5,4,4,4,1,0,4,4,1,0,0,0,0,0,0,0,0,0,0,0,0,0,0,0,0,0,0,0,0,0,0,0,0,0,0,0,0,0,0,0,0,0,0,0,NoBug
cf981127bcf88a6f6b6c160104ce6e97c2c37554,com.thinkaurelius.titan.graphdb.transaction.StandardTitanTx.<init>(Lcom/thinkaurelius/titan/graphdb/database/StandardTitanGraph;Lcom/thinkaurelius/titan/graphdb/transaction/TransactionConfig;Lcom/thinkaurelius/titan/diskstorage/BackendTransaction;)V,0.0,0,0,0,0.0,0.0,0,0,403.503,42.6481,55957.1,1462.98,210,76,3108.73,1312.06,75.8503,44.3569,34.0335,19.9026,3,1,1,1,10,0.0,0,0,0.0,0,34,37,28,3,42,45,30,0,0,0,1,2,0,0,1,0,0,0,0,0,1,0,0,0,0,0,0,0,0,0,0,0,0,0,0,0,0,0,0,0,1,0,NoBug
070f75a3a577d2703e77fac45710686dc1cd8a99,com.thinkaurelius.titan.graphdb.TitanOperationCountingTest.testReadOperations(Z)V,0.0,0,0,0,0.0,0.0,0,0,588.369,11.0,21705.5,778.12,297,100,1205.86,1973.23,59.1267,34.577,34.311,20.0649,8,3,2,0,0,0.103448,9,0,0.103448,9,78,98,79,1,78,98,79,0,0,0,17,27,0,0,1,0,0,0,1,0,0,0,0,0,0,25,0,0,0,0,0,0,0,0,0,0,0,0,3,0,14,0,NoBug
8ed7a34830b0a78e03142c2f4be6ea9d63b30fa8,com.thinkaurelius.titan.diskstorage.keycolumnvalue.StandardStoreFeatures$Builder.<init>(Lcom/thinkaurelius/titan/diskstorage/keycolumnvalue/StoreFeatures;)V,0.0,0,0,0,0.0,0.0,0,0,17.5098,3.0,396.0,53.9258,44,8,22.0,132.0,95.0745,55.5991,90.2131,52.7562,2,1,1,0,0,0.153846,4,4,0.153846,4,22,22,19,1,22,22,19,0,0,0,0,0,0,0,0,0,0,0,0,0,0,0,0,0,0,0,0,0,0,0,0,0,0,0,0,0,0,0,0,0,0,0,NoBug
ed88d7286080492045efafb45a69fa4cb6eeb94d,com.thinkaurelius.titan.graphdb.query.EmptyAtomicQuery.<init>()V,0.0,0,0,0,0.0,0.0,0,0,4.75489,1.5,12.0,5.24148,4,4,0.666667,8.0,159.957,93.542,155.17,90.7427,1,0,0,0,0,0.0,0,0,0.0,0,1,1,0,0,1,1,0,0,0,0,0,0,0,0,0,0,0,0,0,0,0,0,0,0,0,0,0,0,0,0,0,0,0,0,0,0,0,0,0,0,0,0,NoBug
ed88d7286080492045efafb45a69fa4cb6eeb94d,com.thinkaurelius.titan.graphdb.relations.LabeledTitanEdge.getEdgeCount()J,0.0,0,0,0,0.0,0.0,0,0,43.0195,6.0,310.837,45.8869,14,13,17.2687,51.8062,127.785,74.7281,108.756,63.5998,1,0,0,0,2,0.0,0,0,0.0,0,4,4,1,0,4,4,1,0,0,0,0,0,0,0,0,0,0,0,0,0,0,0,0,0,0,0,0,0,0,0,0,0,0,0,0,0,0,0,0,0,0,0,NoBug
3b4dd304515746e895b4ea7cd1728c0bcfd5d460,com.thinkaurelius.titan.diskstorage.es.ElasticSearchConfigTest.testTransportClient()V,0.284672,1,2,1,0.407407,0.375,11,9,96.2114,6.5,2169.25,167.574,71,26,120.514,333.731,88.8418,51.9543,67.9196,39.7191,2,1,1,0,0,0.04,1,0,0.04,1,24,27,19,0,24,27,19,0,0,0,7,1,0,2,0,0,0,0,0,0,0,0,0,1,0,0,0,0,0,0,0,0,0,0,0,0,0,0,0,0,5,0,NoBug
86bc51a0b9aa5d6d59ec1770f6fdafff8d0a5f7e,com.thinkaurelius.titan.diskstorage.util.MetricInstrumentedStore$4.call()Ljava/lang/Void;,1.0,1,1,1,1.0,1.0,4,4,48.1808,4.5,306.0,45.4096,17,16,17.0,68.0,126.371,73.9009,106.715,62.4065,1,0,0,0,1,0.0,0,0,0.0,0,4,4,2,0,4,4,2,0,0,0,0,0,0,0,0,0,0,0,0,0,0,0,0,0,0,0,0,0,0,0,0,0,0,0,0,0,0,0,0,0,0,0,NoBug
3b4dd304515746e895b4ea7cd1728c0bcfd5d460,com.thinkaurelius.titan.core.TitanFactory$Builder.set(Ljava/lang/String;Ljava/lang/Object;)Lcom/thinkaurelius/titan/core/TitanFactory$Builder;,0.0,0,0,0,0.0,0.0,0,0,28.7549,4.0,166.053,30.2109,12,11,9.22515,41.5132,128.937,75.4016,157.638,92.1862,1,0,0,0,0,0.636364,7,7,0.636364,7,4,4,2,2,4,4,2,0,0,0,0,0,0,0,0,0,0,0,0,0,0,0,0,0,0,0,0,0,0,0,0,0,0,0,0,0,0,0,0,0,0,0,NoBug
ac746d5753151c1904efda645429fca6a9086231,com.thinkaurelius.titan.graphdb.relations.factory.RelationFactoryUtil.connectRelation(Lcom/thinkaurelius/titan/graphdb/relations/InternalRelation;ZLcom/thinkaurelius/titan/graphdb/transaction/InternalTitanTransaction;)V,0.0,0,0,0,0.0,0.0,0,0,319.768,53.75,53974.8,1428.22,168,63,2998.6,1004.18,77.8563,45.53,57.5184,33.6365,14,2,2,9,12,0.0666667,2,0,0.0666667,2,28,37,24,3,28,37,24,0,0,0,0,5,0,0,4,0,0,0,1,0,0,0,0,0,0,0,0,0,0,0,0,0,0,0,0,0,0,0,0,0,0,0,NoBug
ed88d7286080492045efafb45a69fa4cb6eeb94d,com.thinkaurelius.titan.graphdb.query.EmptyAtomicQuery.interval(Lcom/thinkaurelius/titan/core/TitanKey;Ljava/lang/Comparable;Ljava/lang/Comparable;)Lcom/thinkaurelius/titan/core/TitanQuery;,0.0,0,0,0,0.0,0.0,0,0,49.6634,5.5,418.0,55.905,19,16,23.2222,76.0,125.792,73.5627,105.881,61.9186,1,0,0,0,0,0.0,0,0,0.0,0,4,4,1,3,4,4,1,0,0,0,0,0,0,0,0,0,0,0,0,0,0,0,0,0,0,0,0,0,0,0,0,0,0,0,0,0,0,0,0,0,0,0,NoBug
598e12b21c73c1eb837031f2bee0398c08ad9d09,com.thinkaurelius.titan.graphdb.database.idassigner.StandardIDPool.startIDBlockGetter()V,0.0,0,0,0,0.0,0.0,0,0,101.409,8.07692,1344.17,121.797,35,27,74.6761,166.421,114.918,67.2035,125.266,73.2549,2,1,1,2,1,0.25,2,0,0.25,2,6,7,5,0,6,7,5,0,0,0,0,3,0,0,2,0,0,0,0,0,1,0,0,0,0,0,0,0,0,0,0,0,0,0,0,0,0,0,0,0,0,0,NoBug
070f75a3a577d2703e77fac45710686dc1cd8a99,com.thinkaurelius.titan.graphdb.transaction.StandardTitanTx.addVertexWithLabel(Ljava/lang/String;)Lcom/thinkaurelius/titan/core/TitanVertex;,0.0,0,0,0,0.0,0.0,0,0,30.5293,6.75,303.565,45.1684,13,11,16.8647,44.9726,128.521,75.1582,109.817,64.2204,1,0,0,0,2,0.0,0,0,0.0,0,4,4,1,1,4,4,1,0,0,0,0,0,0,0,0,0,0,0,0,0,0,0,0,0,0,0,0,0,0,0,0,0,0,0,0,0,0,0,0,0,0,0,NoBug
9258a9dd339b1bf7a4039cf3d7e44807ce3e5a5f,com.thinkaurelius.titan.example.GraphOfTheGodsFactory.create(Ljava/lang/String;)Lcom/thinkaurelius/titan/core/TitanGraph;,0.0,0,0,0,0.0,0.0,0,0,118.764,5.5,1565.3,134.813,58,30,86.961,284.6,101.129,59.1397,70.2991,41.1106,1,0,0,0,0,0.0,0,0,0.0,0,12,13,10,1,12,13,10,0,0,0,3,0,0,0,0,0,0,0,0,0,0,0,0,0,0,0,0,0,0,0,0,0,0,0,0,0,0,0,1,0,2,0,NoBug
ed88d7286080492045efafb45a69fa4cb6eeb94d,com.thinkaurelius.titan.graphdb.relations.LabeledTitanEdge.getEdges(LDirection;[LString;)LIterable;,0.0,0,0,0,0.0,0.0,0,0,68.7549,13.3333,1415.98,126.097,25,19,78.6653,106.198,124.052,72.5453,103.371,60.4508,1,0,0,0,2,0.0,0,0,0.0,0,4,4,1,2,4,4,1,0,0,0,0,0,0,0,0,0,0,0,0,0,0,0,0,0,0,0,0,0,0,0,0,0,0,0,0,0,0,0,0,0,0,0,NoBug
d39591ed87e4e2f0c854e1e9942af37cd070e2e5,com.thinkaurelius.titan.graphdb.relations.StandardProperty.getPropertyDirect(Lcom/thinkaurelius/titan/core/TitanType;)Ljava/lang/Object;,0.0,0,0,0,0.0,0.0,0,0,46.0537,6.875,456.618,59.2974,17,15,25.3677,66.4171,126.493,73.9725,106.892,62.5099,1,0,0,0,0,0.0,0,0,0.0,0,4,4,1,1,4,4,1,0,0,0,0,0,0,0,0,0,0,0,0,0,0,0,0,0,0,0,0,0,0,0,0,0,0,0,0,0,0,0,0,0,0,0,NoBug
ed88d7286080492045efafb45a69fa4cb6eeb94d,com.thinkaurelius.titan.graphdb.query.SimpleAtomicQuery.type(Lcom/thinkaurelius/titan/core/TitanType;)Lcom/thinkaurelius/titan/graphdb/query/SimpleAtomicQuery;,0.0,0,0,0,0.0,0.0,0,0,115.652,27.6,7960.98,398.698,60,28,442.277,288.441,94.7266,55.3957,61.368,35.8877,4,3,3,12,5,0.0,0,0,0.0,0,17,17,11,1,17,17,11,0,0,0,0,1,0,0,1,0,0,0,0,0,0,0,0,0,0,0,0,0,0,0,0,0,0,0,0,0,0,0,0,0,0,0,NoBug
86bc51a0b9aa5d6d59ec1770f6fdafff8d0a5f7e,com.thinkaurelius.titan.diskstorage.keycolumnvalue.SliceQuery.<init>(Lcom/thinkaurelius/titan/diskstorage/StaticBuffer;Lcom/thinkaurelius/titan/diskstorage/StaticBuffer;Z)V,0.0,0,0,0,0.0,0.0,0,0,71.5489,9.33333,1598.8,136.73,39,21,88.8224,171.3,114.768,67.1156,90.0776,52.677,2,0,0,6,1,0.0,0,0,0.0,0,6,7,4,3,6,7,4,0,0,0,0,0,0,0,0,0,0,0,0,0,0,0,0,0,0,0,0,0,0,0,0,0,0,0,0,0,0,0,0,0,0,0,NoBug
ed88d7286080492045efafb45a69fa4cb6eeb94d,com.thinkaurelius.titan.graphdb.vertices.StandardTitanVertex.getRelations(Lcom/thinkaurelius/titan/graphdb/query/AtomicQuery;Z)Ljava/lang/Iterable;,0.0,0,0,0,0.0,0.0,0,0,255.897,58.3333,41233.2,1193.52,124,52,2290.73,706.855,84.2487,49.2682,62.2081,36.379,8,3,2,0,5,0.0416667,1,0,0.0416667,1,23,26,20,2,23,26,20,0,0,0,0,7,0,0,7,0,0,0,0,0,0,0,0,0,0,0,0,0,0,0,0,0,0,0,0,0,0,0,0,0,0,0,NoBug
ed88d7286080492045efafb45a69fa4cb6eeb94d,com.thinkaurelius.titan.graphdb.database.StandardTitanGraph.getRawNeighborhood(LAtomicQuery;LInternalTitanTransaction;)LAbstractLongList;,0.0,0,0,0,0.0,0.0,0,0,333.724,68.6,67502.4,1657.85,164,64,3750.13,984.0,80.0824,46.8318,60.9673,35.6534,10,3,3,0,16,0.0714286,2,0,0.0714286,2,26,31,20,2,26,31,20,0,0,0,0,4,0,0,4,0,0,0,0,0,0,0,0,0,0,0,0,0,0,0,0,0,0,0,0,0,0,0,0,0,0,0,NoBug
ed88d7286080492045efafb45a69fa4cb6eeb94d,com.thinkaurelius.titan.util.interval.Range.inInterval(Ljava/lang/Object;)Z,0.0,0,0,0,0.0,0.0,0,0,232.424,16.6111,9187.57,438.666,98,50,510.421,553.098,93.847,54.8813,60.9136,35.622,12,3,1,2,0,0.0,0,0,0.0,0,13,13,14,1,13,13,14,0,0,0,0,9,0,0,7,0,0,0,0,0,2,0,0,0,0,0,0,0,0,0,0,0,0,0,0,0,0,0,0,0,0,0,NoBug
ed88d7286080492045efafb45a69fa4cb6eeb94d,com.thinkaurelius.titan.graphdb.relations.LabeledTitanEdge.getRelations(Lcom/thinkaurelius/titan/graphdb/query/AtomicQuery;Z)Ljava/lang/Iterable;,0.0,0,0,0,0.0,0.0,0,0,101.948,15.0,2679.25,192.904,38,26,148.847,178.617,114.55,66.9884,89.7638,52.4935,2,1,1,0,3,0.0,0,0,0.0,0,6,6,3,2,6,6,3,0,0,0,0,2,0,0,1,0,0,0,0,0,1,0,0,0,0,0,0,0,0,0,0,0,0,0,0,0,0,0,0,0,0,0,NoBug
3247d28161a1c089cb463c208ae21c5129eee1af,com.thinkaurelius.titan.graphdb.types.vertices.TitanSchemaVertex.getRelated(Lcom/thinkaurelius/titan/graphdb/types/TypeDefinitionCategory;LDirection;)LIterable;,0.0,0,0,0,0.0,0.0,0,0,180.815,13.0,8357.78,411.839,120,41,464.321,642.906,78.6634,46.002,38.7028,22.6332,9,3,3,0,0,0.0,0,0,0.0,0,33,33,24,2,33,33,24,0,0,0,7,1,0,0,1,0,0,0,0,0,0,0,0,0,0,0,0,0,0,0,0,0,0,0,0,0,0,0,0,0,7,0,NoBug
3247d28161a1c089cb463c208ae21c5129eee1af,com.thinkaurelius.titan.graphdb.database.StandardTitanGraph$145513#.retrieveSchemaByName(LString;)LLong;,0.0,0,0,0,0.0,0.0,0,0,61.7486,5.0,828.346,88.2012,39,19,46.0192,165.669,102.416,59.8923,92.3732,54.0194,2,1,1,0,0,0.0714286,1,0,0.0714286,1,13,14,8,1,13,14,8,0,0,0,3,0,0,0,0,0,0,0,0,0,0,0,0,0,0,0,0,0,0,0,0,0,0,0,0,0,0,0,0,0,3,0,NoBug
8ed7a34830b0a78e03142c2f4be6ea9d63b30fa8,com.thinkaurelius.titan.diskstorage.idmanagement.ConsistentKeyIDAuthority.<init>(Lcom/thinkaurelius/titan/diskstorage/keycolumnvalue/KeyColumnValueStore;Lcom/thinkaurelius/titan/diskstorage/keycolumnvalue/StoreManager;Lcom/thinkaurelius/titan/diskstorage/configuration/Configuration;)V,0.0,0,0,0,0.0,0.0,0,0,208.084,11.5,9718.71,455.413,153,46,539.928,845.105,75.045,43.8859,33.0752,19.3422,5,2,2,1,0,0.0,0,0,0.0,0,40,46,33,3,40,46,33,0,0,0,0,0,0,0,0,0,0,0,0,0,0,0,0,0,0,0,0,0,0,0,0,0,0,0,0,0,0,0,0,0,0,0,NoBug
ed88d7286080492045efafb45a69fa4cb6eeb94d,com.thinkaurelius.titan.graphdb.query.SimpleAtomicQuery.properties()Ljava/lang/Iterable;,0.0,0,0,0,0.0,0.0,0,0,63.3582,7.5,719.312,80.2808,23,18,39.9618,95.9083,120.967,70.7412,141.857,82.9572,1,0,0,4,3,0.444444,4,4,0.444444,4,5,5,2,0,5,5,2,0,0,0,0,0,0,0,0,0,0,0,0,0,0,0,0,0,0,0,0,0,0,0,0,0,0,0,0,0,0,0,0,0,0,0,NoBug
1bea1e5a9d3de1b8eb128dd05c237b4a1d01201a,com.thinkaurelius.titan.graphdb.blueprints.TitanBlueprintsGraph.commit()V,1.0,1,2,1,1.0,1.0,13,13,100.362,17.6429,3731.81,240.591,45,26,207.323,211.52,100.915,59.0148,70.1947,41.0495,3,2,2,6,2,0.0,0,0,0.0,0,13,13,7,0,13,13,7,0,0,0,0,0,0,0,0,0,0,0,0,0,0,0,0,0,0,0,0,0,0,0,0,0,0,0,0,0,0,0,0,0,0,0,NoBug
8ed7a34830b0a78e03142c2f4be6ea9d63b30fa8,com.thinkaurelius.titan.graphdb.idmanagement.MockIDAuthority.supportsInterruption()Z,0.0,0,0,0,0.0,0.0,0,0,13.6096,2.5,49.1287,13.414,7,7,2.72937,19.6515,129.211,75.5618,110.813,64.8027,1,0,0,0,0,0.0,0,0,0.0,0,5,5,1,0,5,5,1,0,0,0,0,0,0,0,0,0,0,0,0,0,0,0,0,0,0,0,0,0,0,0,0,0,0,0,0,0,0,0,0,0,0,0,NoBug
55d73740c60812fa57864c07f01e08b09a4504f4,com.thinkaurelius.titan.graphdb.database.IndexSerializer.getQuery(Ljava/lang/String;Lcom/thinkaurelius/titan/graphdb/query/condition/Condition;Lcom/thinkaurelius/titan/graphdb/internal/ElementType;)Lcom/thinkaurelius/titan/diskstorage/indexing/IndexQuery;,0.0,0,0,0,0.0,0.0,0,0,156.911,25.5,11733.1,516.349,89,36,651.841,460.123,95.6735,55.9494,82.1032,48.0136,3,2,2,1,4,0.0666667,1,0,0.04,1,14,14,7,3,24,24,13,0,1,0,0,1,0,0,0,0,0,0,0,0,2,0,0,0,0,0,0,0,0,0,0,0,0,0,0,0,0,0,0,0,0,0,NoBug
e773067c084e9e6a0a58b739d06f86f0ad36a994,com.thinkaurelius.titan.diskstorage.log.LogTest.sendReceive(III)V,0.0,0,0,0,0.0,0.0,0,0,321.633,42.3846,42978.0,1226.96,169,64,2387.67,1014.0,84.0125,49.1301,61.7829,36.1303,4,1,1,2,8,0.0434783,1,0,0.0434783,1,22,24,23,3,22,24,23,0,0,0,1,2,0,0,0,0,0,0,0,0,0,0,0,0,0,2,0,0,0,0,0,0,0,0,0,0,0,0,0,1,0,0,NoBug
ed88d7286080492045efafb45a69fa4cb6eeb94d,com.thinkaurelius.titan.graphdb.query.EmptyAtomicQuery.hasConstraints()Z,0.0,0,0,0,0.0,0.0,0,0,13.6096,2.5,49.1287,13.414,7,7,2.72937,19.6515,132.826,77.6758,116.028,67.8525,1,0,0,0,0,0.0,0,0,0.0,0,4,4,1,0,4,4,1,0,0,0,0,0,0,0,0,0,0,0,0,0,0,0,0,0,0,0,0,0,0,0,0,0,0,0,0,0,0,0,0,0,0,0,NoBug
854139c3e9bb3a63ed124e1403d1227aba7632e1,com.thinkaurelius.titan.graphdb.transaction.StandardTransactionBuilder$ImmutableTxCfg.<init>(ZZZZZZZZZZZLcom/thinkaurelius/titan/diskstorage/util/time/TimestampProvider;Lcom/thinkaurelius/titan/diskstorage/util/time/Timepoint;JIILjava/lang/String;[ILjava/lang/String;Lcom/thinkaurelius/titan/core/schema/DefaultSchemaMaker;Lcom/thinkaurelius/titan/diskstorage/configuration/Configuration;)V,0.0,0,0,0,0.0,0.0,0,0,335.089,19.825,21449.6,771.992,179,66,1191.64,1081.95,76.3871,44.6708,34.6043,20.2364,1,0,0,1,6,0.0,0,0,0.0,0,36,36,18,21,36,36,18,0,0,0,1,0,0,0,0,0,0,0,0,0,0,0,0,0,0,0,0,0,0,0,0,0,0,0,0,0,1,0,0,0,0,0,NoBug
f25283628168a4888ce46f38e6cf7cecb2794c05,com.thinkaurelius.titan.graphdb.tinkerpop.TitanBlueprintsGraph.getAutoStartTx()Lcom/thinkaurelius/titan/graphdb/tinkerpop/TitanBlueprintsTransaction;,0.0,0,0,0,0.0,0.0,0,0,62.671,6.0,662.677,76.0095,26,19,36.8154,110.446,112.39,65.7249,86.6466,50.6705,2,1,1,0,0,0.0,0,0,0.0,0,8,9,6,0,8,9,6,0,0,0,2,2,0,0,2,0,0,0,0,0,0,0,0,0,0,0,0,0,0,0,0,0,0,0,0,0,0,0,0,0,2,0,NoBug
376bad20b40a842876fbda80efd2583266c88cfe,com.thinkaurelius.titan.graphdb.TitanGraphTest.testStaleVertex()V,0.0,0,0,0,0.0,0.0,0,0,256.764,20.0,16343.9,644.026,142,54,907.993,817.194,90.0014,52.6324,72.0999,42.1637,1,0,0,0,10,0.0555556,1,0,0.0555556,1,17,25,14,0,17,25,14,0,0,0,2,1,0,0,0,0,0,0,0,0,0,0,0,0,0,1,0,1,0,0,0,0,0,0,0,0,0,0,0,0,1,0,NoBug
ed88d7286080492045efafb45a69fa4cb6eeb94d,com.thinkaurelius.titan.graphdb.TitanGraphTest.testCreateDelete()V,0.0,0,0,0,0.0,0.0,0,0,294.606,37.7143,42995.4,1227.29,193,60,2388.63,1140.03,80.7756,47.2372,55.3658,32.3777,1,0,0,0,17,0.0357143,1,1,0.0357143,1,27,32,25,0,27,32,25,0,0,0,2,9,0,0,0,0,0,0,1,0,0,0,0,1,0,7,0,0,0,0,0,0,0,0,0,0,0,0,1,0,1,0,NoBug
8e76984347ad0cc94af1cde0ecb9b018e79d526c,com.thinkaurelius.titan.diskstorage.configuration.backend.KCVSConfiguration.close()V,0.0,0,0,0,0.0,0.0,0,0,33.2842,4.5,274.25,42.2115,17,12,15.2361,60.9444,111.866,65.4189,85.8918,50.2291,2,1,1,3,0,0.0,0,0,0.0,0,10,10,5,0,10,10,5,0,0,0,1,0,0,0,0,0,0,0,0,0,1,0,0,0,0,0,0,0,0,0,0,0,0,0,0,0,0,0,0,0,0,0,NoBug
43619ac420e8393b939f823bd63b99020c75e1f4,com.thinkaurelius.titan.graphdb.TitanGraphTest.testTypes()V,0.0,0,0,0,0.0,0.0,0,0,1239.76,75.1034,545815.0,6678.78,962,188,30323.1,7267.51,41.7249,24.4006,-0.384653,0.0,11,1,1,0,46,0.033557,5,0,0.033557,5,144,178,114,0,144,178,114,0,10,0,9,44,0,10,0,0,0,0,1,0,0,10,0,0,0,43,0,0,0,0,0,0,0,0,0,0,0,0,6,0,3,0,NoBug
0a02b5352020cdf5518610bd54c004399c5308f3,com.thinkaurelius.titan.diskstorage.util.KeyValueStoreAdapter.mutate(Ljava/nio/ByteBuffer;Ljava/util/List;Ljava/util/List;Lcom/thinkaurelius/titan/diskstorage/TransactionHandle;)V,0.0,0,0,0,0.0,0.0,0,0,94.7101,21.8571,4872.07,287.393,48,25,270.67,222.905,115.662,67.6386,91.6733,53.6101,5,1,1,0,2,0.0,0,0,0.0,0,5,5,4,4,5,5,4,0,0,0,0,4,0,0,4,0,0,0,0,0,0,0,0,0,0,0,0,0,0,0,0,0,0,0,0,0,0,0,0,0,0,0,NoBug
ed88d7286080492045efafb45a69fa4cb6eeb94d,com.thinkaurelius.titan.graphdb.query.SimpleAtomicQuery.<init>(Lcom/thinkaurelius/titan/graphdb/vertices/InternalTitanVertex;Lcom/thinkaurelius/titan/graphdb/query/SimpleAtomicQuery;)V,0.0,0,0,0,0.0,0.0,0,0,23.5098,4.5,209.281,35.2496,14,10,11.6267,46.507,128.346,75.0562,109.565,64.0732,1,0,0,1,1,0.0,0,0,0.0,0,4,4,2,2,4,4,2,0,0,0,0,0,0,0,0,0,0,0,0,0,0,0,0,0,0,0,0,0,0,0,0,0,0,0,0,0,0,0,0,0,0,0,NoBug
7720850da32092290f6ee0e375eb22cb367a3310,com.thinkaurelius.faunus.mapreduce.filter.PropertyFilterMapTest.testNullValue2()V,0.893491,5,5,5,0.842105,0.8,16,12,244.478,18.9815,15148.4,612.225,140,52,841.577,798.062,92.1522,53.8902,57.3485,33.5371,1,0,0,0,6,0.0,0,0,0.0,0,15,19,13,0,15,19,13,0,0,0,1,10,0,0,0,0,0,0,0,0,0,0,0,0,0,10,0,0,0,0,0,0,0,0,0,0,0,0,0,1,0,0,NoBug
0a02b5352020cdf5518610bd54c004399c5308f3,com.thinkaurelius.titan.diskstorage.util.OrderedKeyValueStoreAdapter.convert(Ljava/util/List;)Ljava/util/List;,0.0,0,0,0,0.0,0.0,0,0,119.552,24.9167,7141.64,370.85,59,29,396.758,286.621,107.201,62.6904,79.2624,46.3523,3,1,1,2,4,0.0,0,0,0.0,0,8,8,6,1,8,8,6,0,0,0,0,3,0,0,2,0,0,0,0,0,1,0,0,0,0,0,0,0,0,0,0,0,0,0,0,0,0,0,0,0,0,0,NoBug
ed88d7286080492045efafb45a69fa4cb6eeb94d,com.thinkaurelius.titan.graphdb.transaction.InMemoryTitanGraph.loadRelations(Lcom/thinkaurelius/titan/graphdb/query/AtomicQuery;Lcom/thinkaurelius/titan/graphdb/transaction/InternalTitanTransaction;)V,0.0,0,0,0,0.0,0.0,0,0,46.0537,5.5,322.318,47.01,15,15,17.9066,58.6034,127.144,74.3532,107.831,63.059,1,0,0,0,0,0.0,0,0,0.0,0,4,4,1,2,4,4,1,0,0,0,0,0,0,0,0,0,0,0,0,0,0,0,0,0,0,0,0,0,0,0,0,0,0,0,0,0,0,0,0,0,0,0,NoBug
8e76984347ad0cc94af1cde0ecb9b018e79d526c,com.thinkaurelius.titan.graphdb.database.serialize.kryo.KryoSerializer.getKryo()LKryo;,0.0,0,0,0,0.0,0.0,0,0,91.8226,7.5,1741.45,144.746,50,25,96.747,232.193,97.0667,56.7642,64.6423,37.8025,3,2,2,0,0,0.0,0,0,0.0,0,16,16,14,0,16,16,14,0,0,0,5,1,0,0,0,0,0,0,1,0,0,0,0,0,0,0,0,0,0,0,0,0,0,0,0,0,0,0,0,0,5,0,NoBug
ed88d7286080492045efafb45a69fa4cb6eeb94d,com.thinkaurelius.titan.graphdb.transaction.TransactionConfig.<init>()V,0.0,0,0,0,0.0,0.0,0,0,16.3645,2.5,60.0,15.3262,8,8,3.33333,24.0,136.447,79.7933,121.252,70.9075,1,0,0,1,1,0.0,0,0,0.0,0,3,3,1,0,3,3,1,0,0,0,0,0,0,0,0,0,0,0,0,0,0,0,0,0,0,0,0,0,0,0,0,0,0,0,0,0,0,0,0,0,0,0,NoBug
ed88d7286080492045efafb45a69fa4cb6eeb94d,com.thinkaurelius.titan.util.interval.DoesNotExist.getHoles()Ljava/util/Set;,0.0,0,0,0,0.0,0.0,0,0,24.0,4.0,114.117,23.5271,9,9,6.33985,28.5293,130.887,76.5422,113.231,66.2171,1,0,0,0,0,0.0,0,0,0.0,0,4,4,1,0,4,4,1,0,0,0,0,0,0,0,0,0,0,0,0,0,0,0,0,0,0,0,0,0,0,0,0,0,0,0,0,0,0,0,0,0,0,0,NoBug
d39591ed87e4e2f0c854e1e9942af37cd070e2e5,com.thinkaurelius.titan.graphdb.TitanGraphTest.testTypes()V,0.126496,2,12,6,0.191176,0.216981,52,46,2005.02,70.8955,809400.0,8685.12,1408,276,44966.7,11416.8,31.9605,18.6904,-11.0963,0.0,16,1,1,0,41,0.0493274,11,0,0.0493274,11,212,272,171,0,212,272,171,0,15,0,13,63,0,15,0,0,0,0,1,0,0,15,0,17,0,45,0,0,0,0,0,0,0,0,0,0,0,0,9,0,4,0,NoBug
ed88d7286080492045efafb45a69fa4cb6eeb94d,com.thinkaurelius.titan.graphdb.query.EmptyAtomicQuery.has(Lcom/thinkaurelius/titan/core/TitanType;Ljava/lang/Object;)Lcom/thinkaurelius/titan/core/TitanQuery;,0.0,0,0,0,0.0,0.0,0,0,28.7549,4.0,152.215,28.5083,11,11,8.45639,38.0537,129.389,75.6662,111.07,64.9533,1,0,0,0,0,0.0,0,0,0.0,0,4,4,1,2,4,4,1,0,0,0,0,0,0,0,0,0,0,0,0,0,0,0,0,0,0,0,0,0,0,0,0,0,0,0,0,0,0,0,0,0,0,0,NoBug
343cb98a1c918e3a8e9262b337388112c888c325,com.thinkaurelius.faunus.formats.rexster.RexsterConfiguration.getAuthenticationHeaderValue()Ljava/lang/String;,0.0,0,0,0,0.0,0.0,0,0,43.6515,5.14286,502.314,63.1903,25,15,27.9064,97.6723,120.873,70.6858,98.7834,57.7681,1,0,0,2,0,0.0,0,0,0.0,0,5,5,1,0,5,5,1,0,0,0,0,0,0,0,0,0,0,0,0,0,0,0,0,0,0,0,0,0,0,0,0,0,0,0,0,0,0,0,0,0,0,0,NoBug
7720850da32092290f6ee0e375eb22cb367a3310,com.thinkaurelius.faunus.tinkerpop.gremlin.FaunusGremlinScriptEngineTest.testEvaluates()V,0.0,0,0,0,0.0,0.0,0,0,61.303,10.5,1225.96,114.547,28,18,68.1088,116.758,119.945,70.143,97.4444,56.985,1,0,0,0,1,0.0,0,0,0.0,0,5,5,3,0,5,5,3,0,0,0,2,0,0,0,0,0,0,0,0,0,0,0,0,0,0,1,0,0,0,0,0,0,0,0,0,0,0,0,0,1,0,0,NoBug
0d269e350f01e145b0eec0157b9c45274b2023f7,com.thinkaurelius.titan.graphdb.configuration.TinkerpopFeaturesTest.testVertexFeatures()V,0.0,0,0,0,0.0,0.0,0,0,46.0537,30.25,8745.57,424.482,74,15,485.865,289.11,91.2277,53.3495,56.0147,32.7572,1,0,0,0,2,0.0,0,0,0.0,0,22,25,18,0,22,25,18,0,0,0,0,15,0,0,0,0,0,0,0,0,0,0,0,0,0,15,0,0,0,0,0,0,0,0,0,0,0,0,0,0,0,0,NoBug
442f468a5b0c962b5c087baa682302976a08cbb8,com.thinkaurelius.titan.diskstorage.Backend.instantiate(Ljava/lang/String;[Ljava/lang/Object;)Ljava/lang/Object;,0.0,0,0,0,0.0,0.0,0,0,265.963,30.625,21600.6,775.611,122,55,1200.03,705.326,86.7541,50.7334,50.1716,29.3401,7,1,1,1,0,0.0,0,0,0.0,0,20,21,11,2,20,21,11,0,0,0,3,1,0,0,0,0,0,0,0,0,3,0,0,0,0,0,0,0,0,0,0,0,0,0,0,0,0,0,1,0,0,0,NoBug
55d73740c60812fa57864c07f01e08b09a4504f4,com.thinkaurelius.titan.graphdb.database.IndexSerializer.getIndexInformation(Ljava/lang/String;)Lcom/thinkaurelius/titan/diskstorage/indexing/IndexInformation;,0.0,0,0,0,0.0,0.0,0,0,48.7291,8.33333,800.0,86.1774,24,16,44.4444,96.0,120.962,70.7383,98.913,57.8438,1,0,0,3,0,0.0,0,0,0.0,0,5,5,3,1,5,5,3,0,0,0,0,0,0,0,0,0,0,0,0,0,0,0,0,0,0,0,0,0,0,0,0,0,0,0,0,0,0,0,0,0,0,0,NoBug
9a49faa3669fc2c03e458c7999ecf095e0b0725d,com.thinkaurelius.titan.diskstorage.IDAuthorityTest.checkBlock(Lcom/thinkaurelius/titan/diskstorage/IDBlock;)V,0.0,0,0,0,0.0,0.0,0,0,36.5293,4.5,249.78,39.6617,15,13,13.8766,55.5066,123.811,72.4043,103.023,60.2473,1,0,0,0,0,0.0,0,0,0.0,0,5,5,3,1,5,5,3,0,0,0,2,1,0,0,0,0,0,0,0,0,0,0,0,0,0,1,0,0,0,0,0,0,0,0,0,0,0,0,0,0,2,0,NoBug
5f904d746f517fc714368c0258df4fd545e3829f,com.thinkaurelius.titan.graphdb.relations.RelationComparator.compare(Lcom/thinkaurelius/titan/graphdb/internal/InternalRelation;Lcom/thinkaurelius/titan/graphdb/internal/InternalRelation;)I,0.0,0,0,0,0.0,0.0,0,0,508.953,69.0366,173841.0,3114.83,386,92,9657.82,2518.09,62.17,36.3567,44.8854,26.2488,22,3,3,0,13,0.155172,9,0,0.155172,9,49,62,51,2,49,62,51,0,0,0,0,21,0,0,18,0,0,0,2,0,1,0,0,0,0,0,0,0,0,0,0,0,0,0,0,0,0,0,0,0,0,0,NoBug
ed88d7286080492045efafb45a69fa4cb6eeb94d,com.thinkaurelius.titan.graphdb.query.SimpleAtomicQuery.getKey(Ljava/lang/String;)Lcom/thinkaurelius/titan/core/TitanKey;,0.0,0,0,0,0.0,0.0,0,0,88.7106,19.0,2750.33,196.301,32,23,152.796,144.754,118.597,69.3549,95.602,55.9076,2,1,1,2,1,0.0,0,0,0.0,0,5,5,4,1,5,5,4,0,0,0,0,1,0,0,1,0,0,0,0,0,0,0,0,0,0,0,0,0,0,0,0,0,0,0,0,0,0,0,0,0,0,0,NoBug
0a02b5352020cdf5518610bd54c004399c5308f3,com.thinkaurelius.titan.diskstorage.util.OrderedKeyValueStoreAdapter$KeyColumnSliceSelector.include(Ljava/nio/ByteBuffer;)Z,0.0,0,0,0,0.0,0.0,0,0,72.9545,9.0,1067.33,104.44,27,21,59.2963,118.593,112.019,65.5084,86.1127,50.3583,2,1,1,0,1,0.0,0,0,0.0,0,8,8,5,1,8,8,5,0,0,0,0,2,0,0,1,0,0,0,0,0,1,0,0,0,0,0,0,0,0,0,0,0,0,0,0,0,0,0,0,0,0,0,NoBug
26bbee89f169c89334baf92b54894fa17230d5d4,com.thinkaurelius.titan.graphdb.transaction.InMemoryTitanGraph.isDeletedRelation(J)Z,0.0,0,0,0,0.0,0.0,0,0,35.2193,5.0,215.098,35.8997,12,12,11.9499,43.0195,128.751,75.2932,110.15,64.4152,1,0,0,0,0,0.0,0,0,0.0,0,4,4,1,1,4,4,1,0,0,0,0,0,0,0,0,0,0,0,0,0,0,0,0,0,0,0,0,0,0,0,0,0,0,0,0,0,0,0,0,0,0,0,NoBug
ed88d7286080492045efafb45a69fa4cb6eeb94d,com.thinkaurelius.titan.graphdb.query.ComplexTitanQuery.direction(LDirection;)LTitanQuery;,0.0,0,0,0,0.0,0.0,0,0,86.6683,21.6,3615.23,235.554,37,23,200.846,167.372,114.888,67.1862,90.2517,52.7787,2,1,1,0,1,0.0,0,0,0.0,0,6,6,5,1,6,6,5,0,0,0,0,1,0,0,1,0,0,0,0,0,0,0,0,0,0,0,0,0,0,0,0,0,0,0,0,0,0,0,0,0,0,0,NoBug
ed88d7286080492045efafb45a69fa4cb6eeb94d,com.thinkaurelius.titan.graphdb.query.EmptyAtomicQuery.clone()Lcom/thinkaurelius/titan/graphdb/query/AtomicQuery;,0.0,0,0,0,0.0,0.0,0,0,15.5098,3.0,58.9545,15.1476,7,7,3.27525,19.6515,132.826,77.6758,116.028,67.8525,1,0,0,0,0,0.0,0,0,0.0,0,4,4,1,0,4,4,1,0,0,0,2,0,0,0,0,1,0,0,0,0,0,0,0,0,0,0,0,0,0,0,0,0,0,0,0,0,0,0,0,1,0,0,NoBug
ed88d7286080492045efafb45a69fa4cb6eeb94d,com.thinkaurelius.titan.graphdb.query.QueryUtil.hasFirstKeyConstraint(Lcom/thinkaurelius/titan/graphdb/query/AtomicQuery;)Z,0.0,0,0,0,0.0,0.0,0,0,141.863,24.1429,7185.38,372.363,59,33,399.188,297.619,111.435,65.1668,132.862,77.6971,4,1,1,1,6,0.647059,11,11,0.647059,11,6,6,6,1,6,6,6,0,0,0,0,5,0,0,4,0,0,0,0,0,1,0,0,0,0,0,0,0,0,0,0,0,0,0,0,0,0,0,0,0,0,0,NoBug
6eec0ad79102e9d0d93c7753410965aec85c296a,com.thinkaurelius.titan.graphdb.transaction.StandardTitanTx.addEdge(Lcom/thinkaurelius/titan/core/TitanVertex;Lcom/thinkaurelius/titan/core/TitanVertex;Lcom/thinkaurelius/titan/core/TitanLabel;)Lcom/thinkaurelius/titan/core/TitanEdge;,0.0,0,0,0,0.0,0.0,0,0,260.983,64.6154,66990.2,1649.46,181,53,3721.68,1036.75,79.0703,46.2399,53.3743,31.213,8,3,3,1,13,0.0344828,1,0,0.0344828,1,28,29,20,3,28,29,20,0,0,0,0,8,0,0,4,0,0,0,2,0,2,0,0,0,0,0,0,0,0,0,0,0,0,0,0,0,0,0,0,0,0,0,NoBug
43619ac420e8393b939f823bd63b99020c75e1f4,com.thinkaurelius.titan.graphdb.TitanGraphTest.testDate()V,0.0,0,0,0,0.0,0.0,0,0,187.909,27.0,13976.9,580.239,96,42,776.494,517.662,95.5208,55.8601,88.2456,51.6056,1,0,0,0,6,0.125,2,0,0.125,2,14,17,11,0,14,17,11,0,0,0,1,4,0,0,0,0,0,0,0,0,1,0,0,0,0,1,0,2,0,0,0,0,0,0,0,0,0,0,1,0,0,0,NoBug
ed88d7286080492045efafb45a69fa4cb6eeb94d,com.thinkaurelius.titan.graphdb.vertices.AbstractTitanVertex.hasLoadedEdges(Lcom/thinkaurelius/titan/graphdb/query/AtomicQuery;)Z,0.0,0,0,0,0.0,0.0,0,0,26.0,4.0,132.877,26.0396,10,10,7.38206,33.2193,130.096,76.0794,112.089,65.5494,1,0,0,1,1,0.0,0,0,0.0,0,4,4,1,1,4,4,1,0,0,0,0,0,0,0,0,0,0,0,0,0,0,0,0,0,0,0,0,0,0,0,0,0,0,0,0,0,0,0,0,0,0,0,NoBug
ed88d7286080492045efafb45a69fa4cb6eeb94d,com.thinkaurelius.titan.graphdb.database.StandardTitanGraph.getAllowedDirections(Lcom/thinkaurelius/titan/graphdb/query/AtomicQuery;)[Z,0.0,0,0,0,0.0,0.0,0,0,180.096,22.6562,12016.8,524.638,99,41,667.601,530.398,89.0672,52.0861,53.5087,31.2917,7,2,2,1,5,0.0,0,0,0.0,0,19,19,17,1,19,19,17,0,0,0,1,0,0,0,0,0,0,0,0,0,1,0,0,0,0,0,0,0,0,0,0,0,0,0,0,0,0,0,0,0,0,0,NoBug
ed88d7286080492045efafb45a69fa4cb6eeb94d,com.thinkaurelius.titan.graphdb.query.EmptyAtomicQuery.has(LString;LT;LCompare;)LTitanQuery;,0.0,0,0,0,0.0,0.0,0,0,54.6292,6.0,465.971,60.1043,19,17,25.8873,77.6618,125.68,73.4969,105.719,61.8237,1,0,0,0,0,0.0,0,0,0.0,0,4,4,1,3,4,4,1,0,0,0,0,0,0,0,0,0,0,0,0,0,0,0,0,0,0,0,0,0,0,0,0,0,0,0,0,0,0,0,0,0,0,0,NoBug
ed88d7286080492045efafb45a69fa4cb6eeb94d,com.thinkaurelius.titan.graphdb.query.ComplexTitanQuery.has(LString;LT;LCompare;)LTitanQuery;,0.0,0,0,0,0.0,0.0,0,0,132.571,23.0,5750.0,320.956,50,32,319.444,250.0,112.802,65.966,87.2415,51.0184,2,1,1,0,1,0.0,0,0,0.0,0,6,6,5,3,6,6,5,0,0,0,0,1,0,0,1,0,0,0,0,0,0,0,0,0,0,0,0,0,0,0,0,0,0,0,0,0,0,0,0,0,0,0,NoBug
55d73740c60812fa57864c07f01e08b09a4504f4,com.thinkaurelius.titan.graphdb.database.IndexSerializer.addProperty(Lcom/thinkaurelius/titan/core/TitanProperty;Lcom/thinkaurelius/titan/diskstorage/BackendTransaction;)V,0.0,0,0,0,0.0,0.0,0,0,177.58,40.6875,16773.9,655.273,78,39,931.883,412.261,100.151,58.5681,69.0927,40.4051,3,2,2,1,10,0.0,0,0,0.0,0,11,11,5,2,11,11,5,0,1,0,0,0,0,0,0,0,0,0,0,0,1,0,0,0,0,0,0,0,0,0,0,0,0,0,0,0,0,0,0,0,0,0,NoBug
5f904d746f517fc714368c0258df4fd545e3829f,com.thinkaurelius.titan.graphdb.transaction.StandardTitanTx$4$3.apply(Lcom/thinkaurelius/titan/diskstorage/keycolumnvalue/Entry;)Lcom/thinkaurelius/titan/core/TitanRelation;,0.0,0,0,0,0.0,0.0,0,0,41.2193,6.25,356.94,50.3187,15,14,19.83,57.1103,127.278,74.4316,108.024,63.1722,1,0,0,0,0,0.0,0,0,0.0,0,4,4,1,1,4,4,1,0,0,0,0,0,0,0,0,0,0,0,0,0,0,0,0,0,0,0,0,0,0,0,0,0,0,0,0,0,0,0,0,0,0,0,NoBug
9a49faa3669fc2c03e458c7999ecf095e0b0725d,com.thinkaurelius.titan.util.datastructures.RelationCacheTest.testMap()V,0.0,0,0,0,0.0,0.0,0,0,145.042,7.5,3423.8,227.164,89,35,190.211,456.506,86.5228,50.5981,49.6343,29.0259,5,1,1,0,0,0.0,0,0,0.0,0,24,26,21,0,24,26,21,0,0,0,7,7,0,0,0,0,0,0,0,0,0,0,0,0,0,7,0,0,0,0,0,0,0,0,0,0,0,0,1,0,6,0,NoBug
376bad20b40a842876fbda80efd2583266c88cfe,com.thinkaurelius.titan.graphdb.transaction.StandardTitanTx.isClosed()Z,0.0,0,0,0,0.0,0.0,0,0,21.6515,3.5,99.8526,21.5232,9,9,5.54737,28.5293,130.887,76.5422,113.231,66.2171,1,0,0,2,0,0.0,0,0,0.0,0,4,4,1,0,4,4,1,0,0,0,0,0,0,0,0,0,0,0,0,0,0,0,0,0,0,0,0,0,0,0,0,0,0,0,0,0,0,0,0,0,0,0,NoBug
ed88d7286080492045efafb45a69fa4cb6eeb94d,com.thinkaurelius.titan.graphdb.database.util.LimitTracker.<init>(Lcom/thinkaurelius/titan/graphdb/query/AtomicQuery;)V,0.0,0,0,0,0.0,0.0,0,0,51.0195,7.5,600.0,71.1379,20,16,33.3333,80.0,130.186,76.1321,112.22,65.6255,1,0,0,1,1,0.0,0,0,0.0,0,3,3,1,1,3,3,1,0,0,0,0,0,0,0,0,0,0,0,0,0,0,0,0,0,0,0,0,0,0,0,0,0,0,0,0,0,0,0,0,0,0,0,NoBug
d39591ed87e4e2f0c854e1e9942af37cd070e2e5,com.thinkaurelius.titan.graphdb.relations.CacheProperty.update()Lcom/thinkaurelius/titan/graphdb/internal/InternalRelation;,0.0,0,0,0,0.0,0.0,0,0,119.552,21.0833,7067.15,368.267,69,29,392.619,335.201,104.938,61.3675,75.795,44.3246,1,0,0,2,10,0.0,0,0,0.0,0,9,10,7,0,9,10,7,0,0,0,0,1,0,0,0,0,0,0,0,0,1,0,0,0,0,0,0,0,0,0,0,0,0,0,0,0,0,0,0,0,0,0,NoBug
ed88d7286080492045efafb45a69fa4cb6eeb94d,com.thinkaurelius.titan.graphdb.query.EmptyAtomicQuery.vertices()Ljava/lang/Iterable;,0.0,0,0,0,0.0,0.0,0,0,40.0537,5.5,264.581,41.2135,13,13,14.699,48.1057,128.17,74.9534,109.312,63.925,1,0,0,0,1,0.0,0,0,0.0,0,4,4,1,0,4,4,1,0,0,0,0,0,0,0,0,0,0,0,0,0,0,0,0,0,0,0,0,0,0,0,0,0,0,0,0,0,0,0,0,0,0,0,NoBug
5f904d746f517fc714368c0258df4fd545e3829f,com.thinkaurelius.titan.graphdb.query.condition.DirectionCondition.evaluate(Lcom/thinkaurelius/titan/core/TitanRelation;)Z,0.0,0,0,0,0.0,0.0,0,0,106.09,15.7143,3212.95,217.739,43,27,178.497,204.46,108.957,63.7176,81.7965,47.8342,3,1,1,0,2,0.0,0,0,0.0,0,8,8,5,1,8,8,5,0,0,0,0,3,0,0,2,0,0,0,0,0,1,0,0,0,0,0,0,0,0,0,0,0,0,0,0,0,0,0,0,0,0,0,NoBug
ed88d7286080492045efafb45a69fa4cb6eeb94d,com.thinkaurelius.titan.graphdb.vertices.AbstractTitanVertex.ensureLoadedEdges(Lcom/thinkaurelius/titan/graphdb/query/AtomicQuery;)V,0.0,0,0,0,0.0,0.0,0,0,42.8086,9.16667,593.313,70.6083,17,14,32.9618,64.725,131.058,76.6419,113.579,66.4205,2,1,1,1,2,0.0,0,0,0.0,0,3,3,2,1,3,3,2,0,0,0,0,3,0,0,2,0,0,0,0,0,1,0,0,0,0,0,0,0,0,0,0,0,0,0,0,0,0,0,0,0,0,0,NoBug
b428f3b0b34bc81d67ec83b7203320ba2578bf89,com.thinkaurelius.titan.graphdb.query.GraphCentricQueryBuilder.vertices()Ljava/lang/Iterable;,0.0,0,0,0,0.0,0.0,0,0,90.5684,10.5,1540.55,133.388,32,24,85.586,146.719,118.757,69.4484,138.668,81.0921,1,0,0,0,2,0.444444,4,4,0.444444,4,5,5,2,0,5,5,2,0,0,0,0,0,0,0,0,0,0,0,0,0,0,0,0,0,0,0,0,0,0,0,0,0,0,0,0,0,0,0,0,0,0,0,NoBug
0a02b5352020cdf5518610bd54c004399c5308f3,com.thinkaurelius.titan.diskstorage.util.OrderedKeyValueStoreAdapter.getSlice(Ljava/nio/ByteBuffer;Ljava/nio/ByteBuffer;Ljava/nio/ByteBuffer;Lcom/thinkaurelius/titan/diskstorage/TransactionHandle;)Ljava/util/List;,0.0,0,0,0,0.0,0.0,0,0,84.9966,17.0,2768.42,197.161,36,23,153.801,162.848,118.214,69.1313,94.9484,55.5254,1,0,0,0,4,0.0,0,0,0.0,0,5,5,1,4,5,5,1,0,0,0,0,0,0,0,0,0,0,0,0,0,0,0,0,0,0,0,0,0,0,0,0,0,0,0,0,0,0,0,0,0,0,0,NoBug
26bbee89f169c89334baf92b54894fa17230d5d4,com.thinkaurelius.titan.graphdb.transaction.StandardPersistTitanTx.commit()V,0.0,0,0,0,0.0,0.0,0,0,186.799,23.25,10338.7,474.582,83,41,574.374,444.677,88.0689,51.5023,51.8648,30.3303,5,2,2,0,8,0.0,0,0,0.0,0,22,23,12,0,22,23,12,0,0,0,0,1,0,0,0,0,0,0,0,0,1,0,0,0,0,0,0,0,0,0,0,0,0,0,0,0,0,0,0,0,0,0,NoBug
4d4700f2228f768450954df98aa8af68df125e2f,com.thinkaurelius.titan.graphdb.query.vertex.VertexLongList$184364#.next()LTitanVertex;,0.0,0,0,0,0.0,0.0,0,0,24.0,4.0,139.477,26.8948,11,9,7.74871,34.8692,123.045,71.9562,102.019,59.6605,2,1,1,0,0,0.0,0,0,0.0,0,6,6,4,0,6,6,4,0,0,0,0,2,0,0,2,0,0,0,0,0,0,0,0,0,0,0,0,0,0,0,0,0,0,0,0,0,0,0,0,0,0,0,NoBug
33a560db97bf3187ac45d1fe4fdf2e6b817bec40,com.thinkaurelius.titan.graphdb.database.serialize.SerializerInitialization.initialize(Lcom/thinkaurelius/titan/graphdb/database/serialize/Serializer;)V,0.0,0,0,0,0.0,0.0,0,0,790.825,70.15,198345.0,3401.06,402,131,11019.1,2827.44,72.3179,42.2912,28.7337,16.8033,1,0,0,1,2,0.0,0,0,0.0,0,34,35,32,1,34,35,32,0,0,0,0,0,0,0,0,0,0,0,0,0,0,0,0,0,0,0,0,0,0,0,0,0,0,0,0,0,0,0,0,0,0,0,NoBug
ed88d7286080492045efafb45a69fa4cb6eeb94d,com.thinkaurelius.titan.graphdb.query.EmptyAtomicQuery.propertyIterator()Ljava/util/Iterator;,0.0,0,0,0,0.0,0.0,0,0,24.0,4.0,114.117,23.5271,9,9,6.33985,28.5293,130.887,76.5422,113.231,66.2171,1,0,0,0,0,0.0,0,0,0.0,0,4,4,1,0,4,4,1,0,0,0,0,0,0,0,0,0,0,0,0,0,0,0,0,0,0,0,0,0,0,0,0,0,0,0,0,0,0,0,0,0,0,0,NoBug
1c0f0f651f910b8d982d09baf9a3dc355be2319b,com.thinkaurelius.titan.diskstorage.es.ElasticSearchConfigTest.testIndexCreationOptions()V,0.0,0,0,0,0.0,0.0,0,0,206.883,7.0,4459.38,270.926,116,45,247.744,637.055,83.2126,48.6624,44.4514,25.995,1,0,0,0,0,0.0,0,0,0.0,0,28,34,23,0,28,34,23,0,0,0,10,1,0,0,0,0,0,0,0,0,0,0,0,0,0,1,0,0,0,0,0,0,0,0,0,0,0,0,0,0,10,0,NoBug
5f904d746f517fc714368c0258df4fd545e3829f,com.thinkaurelius.titan.graphdb.query.SimpleVertexQueryProcessor$6.get(Lcom/thinkaurelius/titan/diskstorage/keycolumnvalue/SliceQuery;)Ljava/util/List;,0.0,0,0,0,0.0,0.0,0,0,61.303,10.5,1138.39,109.025,26,18,63.2439,108.418,123.945,72.4824,103.216,60.36,1,0,0,0,4,0.0,0,0,0.0,0,4,4,1,1,4,4,1,0,0,0,0,0,0,0,0,0,0,0,0,0,0,0,0,0,0,0,0,0,0,0,0,0,0,0,0,0,0,0,0,0,0,0,NoBug
ed88d7286080492045efafb45a69fa4cb6eeb94d,com.thinkaurelius.titan.graphdb.query.SimpleTitanQuery.<init>(Lcom/thinkaurelius/titan/graphdb/vertices/InternalTitanVertex;)V,0.0,0,0,0,0.0,0.0,0,0,10.0,3.0,54.2842,14.3367,7,6,3.01579,18.0947,137.915,80.6522,123.371,72.1466,1,0,0,27,1,0.0,0,0,0.0,0,3,3,1,1,3,3,1,0,0,0,0,0,0,0,0,0,0,0,0,0,0,0,0,0,0,0,0,0,0,0,0,0,0,0,0,0,0,0,0,0,0,0,NoBug
ed88d7286080492045efafb45a69fa4cb6eeb94d,com.thinkaurelius.titan.graphdb.transaction.AbstractTitanTx.query(J)Lcom/thinkaurelius/titan/core/TitanQuery;,0.0,0,0,0,0.0,0.0,0,0,50.1057,9.75,647.567,74.8497,17,15,35.9759,66.4171,126.493,73.9725,106.892,62.5099,1,0,0,0,2,0.0,0,0,0.0,0,4,4,1,1,4,4,1,0,0,0,0,0,0,0,0,0,0,0,0,0,0,0,0,0,0,0,0,0,0,0,0,0,0,0,0,0,0,0,0,0,0,0,NoBug
ed88d7286080492045efafb45a69fa4cb6eeb94d,com.thinkaurelius.titan.graphdb.transaction.AbstractTitanTx.query(Lcom/thinkaurelius/titan/graphdb/vertices/InternalTitanVertex;)Lcom/thinkaurelius/titan/core/TitanQuery;,0.0,0,0,0,0.0,0.0,0,0,35.2193,7.5,349.534,49.6203,13,12,19.4185,46.6045,128.335,75.0498,109.55,64.0641,1,0,0,0,1,0.0,0,0,0.0,0,4,4,1,1,4,4,1,0,0,0,0,0,0,0,0,0,0,0,0,0,0,0,0,0,0,0,0,0,0,0,0,0,0,0,0,0,0,0,0,0,0,0,NoBug
560c02dc92a77b07cd3fead1f073c16b948eb2be,com.thinkaurelius.titan.diskstorage.keycolumnvalue.inmemory.InMemoryKeyColumnValueStore.getKeys(Lcom/thinkaurelius/titan/diskstorage/keycolumnvalue/StoreTransaction;)Lcom/thinkaurelius/titan/diskstorage/keycolumnvalue/RecordIterator;,0.213793,1,1,1,0.388889,0.354839,14,11,79.8135,12.0,1528.53,132.693,29,21,84.9181,127.377,116.538,68.1511,92.5302,54.1112,1,0,0,0,1,0.0,0,0,0.03125,1,6,6,2,1,31,36,6,0,0,0,0,1,0,0,0,0,0,0,0,0,1,0,0,0,0,0,0,0,0,0,0,0,0,0,0,0,0,0,0,0,0,0,NoBug
d39591ed87e4e2f0c854e1e9942af37cd070e2e5,com.thinkaurelius.titan.graphdb.relations.CacheProperty.getMap()Lcom/thinkaurelius/titan/util/datastructures/ImmutableLongObjectMap;,0.0,0,0,0,0.0,0.0,0,0,75.6096,14.4,2466.73,182.563,39,21,137.04,171.3,112.27,65.6553,86.4749,50.5701,2,1,1,3,6,0.0,0,0,0.0,0,7,7,4,0,7,7,4,0,0,0,0,0,0,0,0,0,0,0,0,0,0,0,0,0,0,0,0,0,0,0,0,0,0,0,0,0,0,0,0,0,0,0,NoBug
ed88d7286080492045efafb45a69fa4cb6eeb94d,com.thinkaurelius.titan.graphdb.vertices.AbstractTitanVertex.getEdgeCount()J,0.0,0,0,0,0.0,0.0,0,0,43.0195,6.0,310.837,45.8869,14,13,17.2687,51.8062,127.785,74.7281,108.756,63.5998,1,0,0,0,2,0.0,0,0,0.0,0,4,4,1,0,4,4,1,0,0,0,0,0,0,0,0,0,0,0,0,0,0,0,0,0,0,0,0,0,0,0,0,0,0,0,0,0,0,0,0,0,0,0,NoBug
33a560db97bf3187ac45d1fe4fdf2e6b817bec40,com.thinkaurelius.titan.core.attribute.FullDouble.floatValue()F,0.0,0,0,0,0.0,0.0,0,0,17.5098,3.0,81.0,18.7208,9,8,4.5,27.0,131.174,76.7098,113.645,66.4588,1,0,0,0,0,0.0,0,0,0.0,0,4,4,1,0,4,4,1,0,0,0,0,0,0,0,0,0,0,0,0,0,0,0,0,0,0,0,0,0,0,0,0,0,0,0,0,0,0,0,0,0,0,0,NoBug
33a560db97bf3187ac45d1fe4fdf2e6b817bec40,com.thinkaurelius.titan.core.attribute.FullFloat.<init>()V,0.0,0,0,0,0.0,0.0,0,0,4.75489,1.5,12.0,5.24148,4,4,0.666667,8.0,159.957,93.542,155.17,90.7427,1,0,0,0,0,0.0,0,0,0.0,0,1,1,0,0,1,1,0,0,0,0,0,0,0,0,0,0,0,0,0,0,0,0,0,0,0,0,0,0,0,0,0,0,0,0,0,0,0,0,0,0,0,0,NoBug
ed88d7286080492045efafb45a69fa4cb6eeb94d,com.thinkaurelius.titan.graphdb.query.EmptyAtomicQuery.queryUnmodifiable()Z,0.0,0,0,0,0.0,0.0,0,0,13.6096,2.5,49.1287,13.414,7,7,2.72937,19.6515,132.826,77.6758,116.028,67.8525,1,0,0,0,0,0.0,0,0,0.0,0,4,4,1,0,4,4,1,0,0,0,0,0,0,0,0,0,0,0,0,0,0,0,0,0,0,0,0,0,0,0,0,0,0,0,0,0,0,0,0,0,0,0,NoBug
1c0f0f651f910b8d982d09baf9a3dc355be2319b,com.thinkaurelius.titan.diskstorage.es.ElasticsearchRunner.startImpl()Lcom/thinkaurelius/titan/diskstorage/es/ElasticsearchStatus;,0.0,0,0,0,0.0,0.0,0,0,138.974,8.5,3372.99,224.911,78,34,187.388,396.822,89.975,52.617,54.7165,31.998,6,1,1,0,0,0.0,0,0,0.0,0,20,25,13,0,20,25,13,0,0,0,3,0,0,0,0,0,0,0,0,0,1,0,0,0,0,0,0,0,0,0,0,0,0,0,0,0,0,0,0,0,2,0,NoBug
56e64ff140b2219f9dd637d6241763c8c43aa45f,com.thinkaurelius.titan.graphdb.relations.CacheEdge.copyProperties(Lcom/thinkaurelius/titan/graphdb/internal/InternalRelation;)V,0.0,0,0,0,0.0,0.0,0,0,56.1057,6.5,557.939,67.7732,21,17,30.9966,85.8367,115.634,67.6219,91.4285,53.467,3,2,2,0,0,0.0,0,0,0.0,0,7,7,4,1,7,7,4,0,0,0,2,2,0,0,2,0,0,0,0,0,0,0,0,0,0,0,0,0,0,0,0,0,0,0,0,0,0,0,0,0,2,0,NoBug
33a560db97bf3187ac45d1fe4fdf2e6b817bec40,com.thinkaurelius.titan.graphdb.database.serialize.attribute.DoubleSerializer.withinRange(Ljava/lang/Double;)Z,0.0,0,0,0,0.0,0.0,0,0,56.1057,9.75,876.761,91.6053,22,17,48.7089,89.9242,129.348,75.642,111.112,64.978,2,0,0,2,0,0.0,0,0,0.0,0,3,3,1,1,3,3,1,0,0,0,0,0,0,0,0,0,0,0,0,0,0,0,0,0,0,0,0,0,0,0,0,0,0,0,0,0,0,0,0,0,0,0,NoBug
854139c3e9bb3a63ed124e1403d1227aba7632e1,com.thinkaurelius.titan.graphdb.configuration.GraphDatabaseConfiguration.getConfiguration()Lcom/thinkaurelius/titan/diskstorage/configuration/Configuration;,0.0,0,0,0,0.0,0.0,0,0,10.0,2.0,31.0195,9.87242,6,6,1.72331,15.5098,138.717,81.121,124.527,72.8228,1,0,0,1,0,0.0,0,0,0.0,0,3,3,1,0,3,3,1,0,0,0,0,0,0,0,0,0,0,0,0,0,0,0,0,0,0,0,0,0,0,0,0,0,0,0,0,0,0,0,0,0,0,0,NoBug
43df5df06cf3697da19de6fc286f28905647f3f8,com.thinkaurelius.titan.graphdb.tinkerpop.TitanBlueprintsTransaction.addVertex([Ljava/lang/Object;)Lcom/thinkaurelius/titan/core/TitanVertex;,0.0,0,0,0,0.0,0.0,0,0,158.145,12.0,4751.02,282.613,76,37,263.946,395.918,88.7365,51.8927,93.3395,54.5845,8,3,3,0,0,0.363636,12,12,0.363636,12,21,22,18,1,21,22,18,0,0,0,4,4,0,0,4,0,0,0,0,0,0,0,0,0,0,0,0,0,0,0,0,0,0,0,0,0,0,0,0,0,4,0,NoBug
d39591ed87e4e2f0c854e1e9942af37cd070e2e5,com.thinkaurelius.titan.graphdb.relations.CacheProperty.getLifeCycle()B,0.0,0,0,0,0.0,0.0,0,0,98.0482,10.0,1857.54,151.11,40,25,103.197,185.754,113.886,66.6003,89.0099,52.0526,4,1,1,0,6,0.0,0,0,0.0,0,6,6,3,0,6,6,3,0,0,0,0,2,0,0,1,0,0,0,0,0,1,0,0,0,0,0,0,0,0,0,0,0,0,0,0,0,0,0,0,0,0,0,NoBug
ed88d7286080492045efafb45a69fa4cb6eeb94d,com.thinkaurelius.titan.graphdb.query.SimpleAtomicQuery.relations()Ljava/lang/Iterable;,0.0,0,0,0,0.0,0.0,0,0,63.3582,7.5,719.312,80.2808,23,18,39.9618,95.9083,120.967,70.7412,98.9201,57.848,1,0,0,3,3,0.0,0,0,0.0,0,5,5,2,0,5,5,2,0,0,0,0,0,0,0,0,0,0,0,0,0,0,0,0,0,0,0,0,0,0,0,0,0,0,0,0,0,0,0,0,0,0,0,NoBug
ed88d7286080492045efafb45a69fa4cb6eeb94d,com.thinkaurelius.titan.graphdb.query.SimpleTitanQuery.<init>(Lcom/thinkaurelius/titan/graphdb/transaction/InternalTitanTransaction;J)V,0.0,0,0,0,0.0,0.0,0,0,16.3645,4.16667,125.0,25.0,10,8,6.94444,30.0,135.286,79.1148,119.578,69.9285,1,0,0,0,1,0.0,0,0,0.0,0,3,3,1,2,3,3,1,0,0,0,0,0,0,0,0,0,0,0,0,0,0,0,0,0,0,0,0,0,0,0,0,0,0,0,0,0,0,0,0,0,0,0,NoBug
ed88d7286080492045efafb45a69fa4cb6eeb94d,com.thinkaurelius.titan.graphdb.relations.LabeledTitanEdge.getProperties(Ljava/lang/String;)Ljava/lang/Iterable;,0.0,0,0,0,0.0,0.0,0,0,66.0,12.0,1100.86,106.616,22,18,61.1589,91.7384,124.814,72.9904,104.469,61.0929,1,0,0,0,3,0.0,0,0,0.0,0,4,4,1,1,4,4,1,0,0,0,0,0,0,0,0,0,0,0,0,0,0,0,0,0,0,0,0,0,0,0,0,0,0,0,0,0,0,0,0,0,0,0,NoBug
8ed7a34830b0a78e03142c2f4be6ea9d63b30fa8,com.thinkaurelius.titan.diskstorage.berkeleyje.BerkeleyJEStoreManager.<init>(Lcom/thinkaurelius/titan/diskstorage/configuration/Configuration;)V,0.0,0,0,0,0.0,0.0,0,0,238.128,21.0,10666.9,484.572,90,50,592.605,507.947,93.4561,54.6527,100.999,59.0636,1,0,0,0,14,0.407407,11,0,0.407407,11,16,30,5,1,16,30,5,0,0,0,0,0,0,0,0,0,0,0,0,0,0,0,0,0,0,0,0,0,0,0,0,0,0,0,0,0,0,0,0,0,0,0,NoBug
ed88d7286080492045efafb45a69fa4cb6eeb94d,com.thinkaurelius.titan.graphdb.query.EmptyAtomicQuery.queryProperties()Z,0.0,0,0,0,0.0,0.0,0,0,13.6096,2.5,49.1287,13.414,7,7,2.72937,19.6515,132.826,77.6758,116.028,67.8525,1,0,0,0,0,0.0,0,0,0.0,0,4,4,1,0,4,4,1,0,0,0,0,0,0,0,0,0,0,0,0,0,0,0,0,0,0,0,0,0,0,0,0,0,0,0,0,0,0,0,0,0,0,0,NoBug
070f75a3a577d2703e77fac45710686dc1cd8a99,com.thinkaurelius.titan.graphdb.TitanGraphTest.testAutomaticTypeCreation()V,0.0,0,0,0,0.0,0.0,0,0,244.645,21.8571,19686.1,729.076,158,52,1093.67,900.669,78.5588,45.9408,62.7303,36.6844,4,1,1,0,12,0.111111,4,3,0.111111,4,32,37,26,0,32,37,26,0,3,0,1,13,0,3,0,0,0,0,0,0,0,3,0,0,0,13,0,0,0,0,0,0,0,0,0,0,0,0,0,0,1,0,NoBug
560c02dc92a77b07cd3fead1f073c16b948eb2be,com.thinkaurelius.titan.diskstorage.keycolumnvalue.inmemory.InMemoryKeyColumnValueStore$1$2.apply(Ljava/util/Map$Entry;)Ljava/nio/ByteBuffer;,0.0,0,0,0,0.0,0.0,0,0,55.303,10.5,798.0,86.0337,19,16,44.3333,76.0,122.177,71.4487,100.666,58.8687,1,0,0,0,0,0.0,0,0,0.0,0,5,5,1,1,5,5,1,0,0,0,0,0,0,0,0,0,0,0,0,0,0,0,0,0,0,0,0,0,0,0,0,0,0,0,0,0,0,0,0,0,0,0,NoBug
ed88d7286080492045efafb45a69fa4cb6eeb94d,com.thinkaurelius.titan.graphdb.query.SimpleAtomicQuery.interval(Lcom/thinkaurelius/titan/core/TitanKey;Ljava/lang/Comparable;Ljava/lang/Comparable;)Lcom/thinkaurelius/titan/graphdb/query/AtomicQuery;,0.0,0,0,0,0.0,0.0,0,0,210.117,58.5,34812.1,1066.15,109,44,1934.0,595.078,95.3066,55.7349,89.0045,52.0494,4,1,1,1,4,0.133333,2,0,0.133333,2,13,14,10,3,13,14,10,0,0,0,0,1,0,0,0,0,0,0,1,0,0,0,0,0,0,0,0,0,0,0,0,0,0,0,0,0,0,0,0,0,0,0,NoBug
442f468a5b0c962b5c087baa682302976a08cbb8,com.thinkaurelius.titan.diskstorage.Backend.registerShorthands(Ljava/util/Properties;Ljava/lang/String;Ljava/util/Map;)V,0.0,0,0,0,0.0,0.0,0,0,126.637,25.6667,8773.88,425.397,69,31,487.438,341.84,102.67,60.0407,118.659,69.3912,3,2,2,0,0,0.565217,13,0,0.565217,13,10,10,6,3,10,10,6,0,2,0,0,0,0,0,0,0,0,0,0,0,2,0,0,0,0,0,0,0,0,0,0,0,0,0,0,0,0,0,0,0,0,0,NoBug
9a49faa3669fc2c03e458c7999ecf095e0b0725d,com.thinkaurelius.titan.graphdb.relations.RelationCache.<init>(LDirection;LLLObject;LLongObjectHashMap;)V,0.0,0,0,0,0.0,0.0,0,0,82.6034,7.5,1594.56,136.488,47,23,88.5864,212.607,108.754,63.5988,81.5033,47.6628,3,0,0,0,0,0.0,0,0,0.0,0,8,8,5,5,8,8,5,0,0,0,0,0,0,0,0,0,0,0,0,0,0,0,0,0,0,0,0,0,0,0,0,0,0,0,0,0,0,0,0,0,0,0,NoBug
86bc51a0b9aa5d6d59ec1770f6fdafff8d0a5f7e,com.thinkaurelius.titan.graphdb.inmemory.InMemoryMetricsTest.getConfiguration()LConfiguration;,0.0,0,0,0,0.0,0.0,0,0,66.4386,7.5,1426.24,126.705,44,20,79.2353,190.165,109.794,64.207,82.8002,48.4212,1,0,0,1,0,0.0,0,0,0.0,0,8,8,6,0,8,8,6,0,0,0,0,0,0,0,0,0,0,0,0,0,0,0,0,0,0,0,0,0,0,0,0,0,0,0,0,0,0,0,0,0,0,0,NoBug
cf981127bcf88a6f6b6c160104ce6e97c2c37554,com.thinkaurelius.titan.graphdb.transaction.StandardTitanTx$6.getNew(Lcom/thinkaurelius/titan/graphdb/query/StandardElementQuery;)Ljava/util/Iterator;,0.0,0,0,0,0.0,0.0,0,0,426.201,75.4,135067.0,2632.49,285,78,7503.72,1791.34,70.3314,41.1295,39.6251,23.1726,14,5,5,0,0,0.0263158,1,0,0.0181818,1,37,40,25,1,54,57,29,0,0,0,0,6,0,0,5,0,0,0,0,0,1,0,0,0,0,0,0,0,0,0,0,0,0,0,0,0,0,0,0,0,0,0,NoBug
ed88d7286080492045efafb45a69fa4cb6eeb94d,com.thinkaurelius.titan.graphdb.query.SimpleTitanQuery.types([Lcom/thinkaurelius/titan/core/TitanType;)Lcom/thinkaurelius/titan/core/TitanQuery;,0.0,0,0,0,0.0,0.0,0,0,221.079,43.1538,27086.3,901.917,113,47,1504.79,627.669,87.0303,50.8949,50.3664,29.454,5,2,2,1,4,0.0,0,0,0.0,0,21,22,18,1,21,22,18,0,0,0,0,3,0,0,2,0,0,0,0,0,1,0,0,0,0,0,0,0,0,0,0,0,0,0,0,0,0,0,0,0,0,0,NoBug
55d73740c60812fa57864c07f01e08b09a4504f4,com.thinkaurelius.titan.graphdb.database.IndexSerializer.removeEdge(Lcom/thinkaurelius/titan/graphdb/internal/InternalRelation;Lcom/thinkaurelius/titan/diskstorage/BackendTransaction;)V,0.0,0,0,0,0.0,0.0,0,0,209.485,38.5,19452.1,723.289,92,45,1080.67,505.25,91.5817,53.5565,56.9327,33.2939,5,4,4,1,8,0.0,0,0,0.0,0,17,17,9,2,17,17,9,0,1,0,0,0,0,0,0,0,0,0,0,0,1,0,0,0,0,0,0,0,0,0,0,0,0,0,0,0,0,0,0,0,0,0,NoBug
442f468a5b0c962b5c087baa682302976a08cbb8,com.thinkaurelius.titan.diskstorage.Backend$2.toString()Ljava/lang/String;,0.0,0,0,0,0.0,0.0,0,0,13.6096,2.5,49.1287,13.414,7,7,2.72937,19.6515,132.826,77.6758,116.028,67.8525,1,0,0,0,0,0.0,0,0,0.0,0,4,4,1,0,4,4,1,0,0,0,0,0,0,0,0,0,0,0,0,0,0,0,0,0,0,0,0,0,0,0,0,0,0,0,0,0,0,0,0,0,0,0,NoBug
ed88d7286080492045efafb45a69fa4cb6eeb94d,com.thinkaurelius.titan.graphdb.database.StandardTitanGraph.loadRelations(Lcom/thinkaurelius/titan/graphdb/query/AtomicQuery;Lcom/thinkaurelius/titan/graphdb/transaction/InternalTitanTransaction;)V,0.0,0,0,0,0.0,0.0,0,0,799.792,153.844,557257.0,6771.8,515,131,30958.7,3622.21,55.1948,32.2777,23.0581,13.4843,17,3,3,0,34,0.0526316,4,0,0.0526316,4,72,89,63,2,72,89,63,0,0,0,0,8,0,0,8,0,0,0,0,0,0,0,0,0,0,0,0,0,0,0,0,0,0,0,0,0,0,0,0,0,0,0,NoBug
ed88d7286080492045efafb45a69fa4cb6eeb94d,com.thinkaurelius.titan.graphdb.query.EmptyAtomicQuery.getGroupCondition()Lcom/thinkaurelius/titan/core/TypeGroup;,0.0,0,0,0,0.0,0.0,0,0,28.5293,4.5,149.487,28.1666,10,10,8.30482,33.2193,130.096,76.0794,112.089,65.5494,1,0,0,0,0,0.0,0,0,0.0,0,4,4,1,0,4,4,1,0,0,0,0,0,0,0,0,0,0,0,0,0,0,0,0,0,0,0,0,0,0,0,0,0,0,0,0,0,0,0,0,0,0,0,NoBug
1c0f0f651f910b8d982d09baf9a3dc355be2319b,com.thinkaurelius.titan.diskstorage.es.ElasticSearchConfigTest.testNetworkNodeUsingExt()V,0.190244,1,2,1,0.305556,0.272727,11,9,201.686,6.5,4080.93,255.372,115,44,226.718,627.835,80.3967,47.0156,53.6193,31.3563,2,1,1,0,0,0.0294118,1,0,0.0294118,1,33,36,25,0,33,36,25,0,0,0,7,1,0,1,0,0,0,0,0,0,0,0,0,1,0,0,0,0,0,0,0,0,0,0,0,0,0,0,0,0,6,0,NoBug
598e12b21c73c1eb837031f2bee0398c08ad9d09,com.thinkaurelius.titan.graphdb.idmanagement.IDPoolTest.testPoolExhaustion1()V,0.0,0,0,0,0.0,0.0,0,0,128.09,8.5,1997.5,158.608,47,32,110.972,235.0,98.0497,57.339,66.0605,38.6319,3,2,2,0,0,0.0,0,0,0.0,0,15,15,11,0,15,15,11,0,0,0,5,3,0,0,0,0,0,0,0,0,0,0,0,0,0,3,0,0,0,0,0,0,0,0,0,0,0,0,0,0,5,0,NoBug
ed88d7286080492045efafb45a69fa4cb6eeb94d,com.thinkaurelius.titan.graphdb.relations.AttributeUtil.verifyAttribute(Lcom/thinkaurelius/titan/core/TitanKey;Ljava/lang/Object;)Ljava/lang/Object;,0.0,0,0,0,0.0,0.0,0,0,52.8606,19.5,2106.0,164.301,27,16,117.0,108.0,120.35,70.3801,98.0294,57.3271,1,0,0,2,3,0.0,0,0,0.0,0,5,5,3,2,5,5,3,0,0,0,0,1,0,0,0,0,0,0,0,0,1,0,0,0,0,0,0,0,0,0,0,0,0,0,0,0,0,0,0,0,0,0,NoBug
e773067c084e9e6a0a58b739d06f86f0ad36a994,com.thinkaurelius.titan.diskstorage.log.LogTest.testSeparateReadersAndLogsInSharedManager()V,0.0,0,0,0,0.0,0.0,0,0,253.684,39.3684,30442.4,974.958,135,53,1691.24,773.269,89.8287,52.5314,54.2,31.6959,3,1,1,0,5,0.0,0,0,0.0,0,17,17,16,0,17,17,16,0,0,0,1,3,0,0,0,0,0,0,0,0,0,0,0,0,0,3,0,0,0,0,0,0,0,0,0,0,0,0,0,1,0,0,NoBug
ed88d7286080492045efafb45a69fa4cb6eeb94d,com.thinkaurelius.titan.graphdb.query.SimpleAtomicQuery.clone()Lcom/thinkaurelius/titan/graphdb/query/SimpleAtomicQuery;,0.0,0,0,0,0.0,0.0,0,0,35.2193,7.5,430.195,56.9872,16,12,23.8997,57.3594,123.641,72.3044,102.777,60.1033,1,0,0,0,1,0.0,0,0,0.0,0,5,5,2,0,5,5,2,0,1,0,2,1,0,0,0,2,0,0,0,0,1,0,0,0,0,0,0,0,0,0,0,0,0,0,0,0,0,0,0,1,0,0,NoBug
8ed7a34830b0a78e03142c2f4be6ea9d63b30fa8,com.thinkaurelius.titan.graphdb.database.idassigner.StandardIDPool.close()V,0.0,0,0,0,0.0,0.0,0,0,164.202,17.3077,5722.26,319.923,63,38,317.903,330.619,91.9851,53.7924,57.5146,33.6343,5,2,2,1,2,0.0,0,0,0.0,0,19,20,10,0,19,20,10,0,0,0,0,1,0,0,0,0,0,0,0,0,1,0,0,0,0,0,0,0,0,0,0,0,0,0,0,0,0,0,0,0,0,0,NoBug
cf981127bcf88a6f6b6c160104ce6e97c2c37554,com.thinkaurelius.titan.graphdb.transaction.StandardTitanTx.isVertexIndexProperty(Lcom/thinkaurelius/titan/graphdb/internal/InternalRelation;)Z,0.0,0,0,0,0.0,0.0,0,0,74.2418,14.1667,1653.14,139.81,27,20,91.841,116.692,123.332,72.1242,144.886,84.7289,2,1,1,2,2,0.428571,3,3,0.428571,3,4,4,3,1,4,4,3,0,0,0,0,3,0,0,2,0,0,0,0,0,1,0,0,0,0,0,0,0,0,0,0,0,0,0,0,0,0,0,0,0,0,0,NoBug
cf981127bcf88a6f6b6c160104ce6e97c2c37554,com.thinkaurelius.titan.graphdb.transaction.indexcache.SimpleIndexCache.add(Lcom/thinkaurelius/titan/core/TitanProperty;)V,0.0,0,0,0,0.0,0.0,0,0,28.7549,6.66667,322.88,47.0646,14,11,17.9378,48.432,128.135,74.9329,109.261,63.8953,1,0,0,0,1,0.0,0,0,0.0,0,4,4,1,1,4,4,1,0,0,0,0,0,0,0,0,0,0,0,0,0,0,0,0,0,0,0,0,0,0,0,0,0,0,0,0,0,0,0,0,0,0,0,NoBug
0a02b5352020cdf5518610bd54c004399c5308f3,com.thinkaurelius.titan.diskstorage.util.KeyValueStoreAdapter.concatenate(Ljava/nio/ByteBuffer;Ljava/nio/ByteBuffer;)Ljava/nio/ByteBuffer;,0.0,0,0,0,0.0,0.0,0,0,27.6515,5.25,272.43,42.0246,15,11,15.135,51.8915,132.437,77.4485,115.467,67.5246,1,0,0,5,1,0.0,0,0,0.0,0,3,3,1,2,3,3,1,0,0,0,0,0,0,0,0,0,0,0,0,0,0,0,0,0,0,0,0,0,0,0,0,0,0,0,0,0,0,0,0,0,0,0,NoBug
ed88d7286080492045efafb45a69fa4cb6eeb94d,com.thinkaurelius.titan.graphdb.query.SimpleAtomicQuery.relationIterator()Ljava/util/Iterator;,0.0,0,0,0,0.0,0.0,0,0,68.7549,8.0,883.569,92.0789,26,19,49.0872,110.446,120.234,70.312,97.8613,57.2288,1,0,0,0,3,0.0,0,0,0.0,0,5,5,2,0,5,5,2,0,0,0,0,0,0,0,0,0,0,0,0,0,0,0,0,0,0,0,0,0,0,0,0,0,0,0,0,0,0,0,0,0,0,0,NoBug
33a560db97bf3187ac45d1fe4fdf2e6b817bec40,com.thinkaurelius.titan.graphdb.relations.AttributeUtil.checkAttributeType(Lcom/thinkaurelius/titan/core/TitanKey;Ljava/lang/Object;)V,0.0,0,0,0,0.0,0.0,0,0,187.909,28.0,15098.5,610.88,100,42,838.805,539.232,93.5008,54.6788,59.5996,34.8536,4,3,2,1,4,0.0,0,0,0.0,0,15,15,7,2,15,15,7,0,0,0,0,0,0,0,0,0,0,0,0,0,0,0,0,0,0,0,0,0,0,0,0,0,0,0,0,0,0,0,0,0,0,0,NoBug
33a560db97bf3187ac45d1fe4fdf2e6b817bec40,com.thinkaurelius.titan.graphdb.database.serialize.attribute.BooleanSerializer.writeObjectData(Lcom/thinkaurelius/titan/graphdb/database/serialize/DataOutput;Ljava/lang/Boolean;)V,0.0,0,0,0,0.0,0.0,0,0,64.9126,9.8,957.483,97.1451,23,19,53.1935,97.7023,124.256,72.6643,103.766,60.6821,2,0,0,0,1,0.0,0,0,0.0,0,4,4,1,2,4,4,1,0,0,0,0,1,0,0,0,0,0,0,1,0,0,0,0,0,0,0,0,0,0,0,0,0,0,0,0,0,0,0,0,0,0,0,NoBug
3247d28161a1c089cb463c208ae21c5129eee1af,com.thinkaurelius.titan.graphdb.database.cache.MetricInstrumentedSchemaCache$107408#.retrieveSchemaByName(LString;)LLong;,0.0,0,0,0,0.0,0.0,0,0,10.0,2.0,41.3594,11.9596,8,6,2.29774,20.6797,128.946,75.4067,110.43,64.579,1,0,0,0,0,0.0,0,0,0.0,0,5,5,2,1,5,5,2,0,0,0,0,0,0,0,0,0,0,0,0,0,0,0,0,0,0,0,0,0,0,0,0,0,0,0,0,0,0,0,0,0,0,0,NoBug
ed88d7286080492045efafb45a69fa4cb6eeb94d,com.thinkaurelius.titan.graphdb.vertices.LoadedEmptyTitanVertex.loadedEdges(Lcom/thinkaurelius/titan/graphdb/query/AtomicQuery;)V,0.0,0,0,0,0.0,0.0,0,0,46.0537,5.5,322.318,47.01,15,15,17.9066,58.6034,127.144,74.3532,107.831,63.059,1,0,0,0,0,0.0,0,0,0.0,0,4,4,1,1,4,4,1,0,0,0,0,0,0,0,0,0,0,0,0,0,0,0,0,0,0,0,0,0,0,0,0,0,0,0,0,0,0,0,0,0,0,0,NoBug
86bc51a0b9aa5d6d59ec1770f6fdafff8d0a5f7e,com.thinkaurelius.titan.diskstorage.keycolumnvalue.CachedKeyColumnValueStore.getSlice(Lcom/thinkaurelius/titan/diskstorage/keycolumnvalue/KeySliceQuery;Lcom/thinkaurelius/titan/diskstorage/keycolumnvalue/StoreTransaction;)Ljava/util/List;,0.0,0,0,0,0.0,0.0,0,0,271.48,41.3333,29153.5,947.24,122,55,1619.64,705.326,84.49,49.4093,46.9051,27.4299,7,3,3,1,4,0.0,0,0,0.0,0,23,23,14,2,28,28,16,0,0,0,1,6,0,0,4,0,0,0,0,0,3,0,0,0,0,0,0,0,0,0,0,0,0,0,0,0,0,0,0,0,0,0,NoBug
8844fb05759ae0d64a9afd5c53dee9dee3650d00,com.thinkaurelius.titan.graphdb.transaction.StandardTitanTx.setProperty(Lcom/thinkaurelius/titan/core/TitanVertex;Lcom/thinkaurelius/titan/core/TitanKey;Ljava/lang/Object;)Lcom/thinkaurelius/titan/core/TitanProperty;,0.0,0,0,0,0.0,0.0,0,0,224.171,45.8182,25704.6,870.979,101,47,1428.03,561.013,88.0741,51.5053,73.724,43.1134,3,3,3,2,9,0.0869565,2,0,0.0740741,2,21,24,13,3,25,28,14,0,0,0,0,1,0,0,0,0,0,0,0,0,1,0,0,0,0,0,0,0,0,0,0,0,0,0,0,0,0,0,0,0,0,0,NoBug
ed88d7286080492045efafb45a69fa4cb6eeb94d,com.thinkaurelius.titan.graphdb.query.ComplexTitanQuery.interval(Lcom/thinkaurelius/titan/core/TitanKey;Ljava/lang/Comparable;Ljava/lang/Comparable;)Lcom/thinkaurelius/titan/core/TitanQuery;,0.0,0,0,0,0.0,0.0,0,0,126.637,22.0,5449.62,309.678,50,31,302.756,247.71,112.85,65.994,87.3106,51.0588,2,1,1,0,1,0.0,0,0,0.0,0,6,6,5,3,6,6,5,0,0,0,0,1,0,0,1,0,0,0,0,0,0,0,0,0,0,0,0,0,0,0,0,0,0,0,0,0,0,0,0,0,0,0,NoBug
442f468a5b0c962b5c087baa682302976a08cbb8,com.thinkaurelius.titan.diskstorage.Backend.<init>(LConfiguration;)V,0.0,0,0,0,0.0,0.0,0,0,461.718,28.7,38997.3,1149.98,212,85,2166.52,1358.79,72.9857,42.6817,52.86,30.9123,5,1,1,1,8,0.0930233,4,0,0.0930233,4,39,50,28,1,39,50,28,0,0,0,0,3,0,0,1,0,0,0,0,0,0,0,0,2,0,0,0,0,0,0,0,0,0,0,0,0,0,0,0,0,0,0,NoBug
ed88d7286080492045efafb45a69fa4cb6eeb94d,com.thinkaurelius.titan.util.interval.DoesNotExist.getEndPoint()Ljava/lang/Object;,0.0,0,0,0,0.0,0.0,0,0,13.6096,2.5,49.1287,13.414,7,7,2.72937,19.6515,132.826,77.6758,116.028,67.8525,1,0,0,0,0,0.0,0,0,0.0,0,4,4,1,0,4,4,1,0,0,0,0,0,0,0,0,0,0,0,0,0,0,0,0,0,0,0,0,0,0,0,0,0,0,0,0,0,0,0,0,0,0,0,NoBug
1c0f0f651f910b8d982d09baf9a3dc355be2319b,com.thinkaurelius.titan.diskstorage.es.ElasticSearchConfigTest.killElasticsearch()V,0.0,0,0,0,0.0,0.0,0,0,32.0,4.0,229.438,37.478,16,12,12.7465,57.3594,120.687,70.5772,98.5154,57.6114,1,0,0,0,0,0.0,0,0,0.0,0,6,6,3,0,6,6,3,0,0,0,1,0,0,0,0,0,0,0,0,0,0,0,0,0,0,0,0,0,0,0,0,0,0,0,0,0,0,0,0,0,1,0,NoBug
2dc20d0abb5b6bd1fa67c4ee5fd0361345a9b2e7,com.thinkaurelius.titan.diskstorage.es.ElasticSearchIndex.legacyConfiguration(Lcom/thinkaurelius/titan/diskstorage/configuration/Configuration;)Lcom/thinkaurelius/titan/diskstorage/es/ElasticSearchSetup$Connection;,0.0,0,0,0,0.0,0.0,0,0,659.121,63.1641,192994.0,3339.61,448,113,10721.9,3055.44,57.0062,33.337,38.2951,22.3948,12,4,4,1,5,0.179775,16,16,0.179775,16,73,82,62,1,73,82,62,0,0,0,0,6,0,0,6,0,0,0,0,0,0,0,0,0,0,0,0,0,0,0,0,0,0,0,0,0,0,0,0,0,0,0,NoBug
33a560db97bf3187ac45d1fe4fdf2e6b817bec40,com.thinkaurelius.titan.graphdb.database.serialize.attribute.ShortSerializer.writeObjectData(Lcom/thinkaurelius/titan/graphdb/database/serialize/DataOutput;Ljava/lang/Short;)V,0.0,0,0,0,0.0,0.0,0,0,66.6034,11.25,1146.94,109.571,24,19,63.7189,101.95,124.265,72.6694,103.677,60.6299,1,0,0,1,1,0.0,0,0,0.0,0,4,4,1,2,4,4,1,0,0,0,0,1,0,0,0,0,0,0,1,0,0,0,0,0,0,0,0,0,0,0,0,0,0,0,0,0,0,0,0,0,0,0,NoBug
ed88d7286080492045efafb45a69fa4cb6eeb94d,com.thinkaurelius.titan.graphdb.relations.LabeledTitanEdge.hasLoadedEdges(Lcom/thinkaurelius/titan/graphdb/query/AtomicQuery;)Z,0.0,0,0,0,0.0,0.0,0,0,20.2647,3.0,85.588,19.4212,9,9,4.75489,28.5293,130.887,76.5422,113.231,66.2171,1,0,0,0,0,0.0,0,0,0.0,0,4,4,1,1,4,4,1,0,0,0,0,0,0,0,0,0,0,0,0,0,0,0,0,0,0,0,0,0,0,0,0,0,0,0,0,0,0,0,0,0,0,0,NoBug
070f75a3a577d2703e77fac45710686dc1cd8a99,com.thinkaurelius.titan.graphdb.TitanPartitionGraphTest.testVertexPartitioning()V,0.0,0,0,0,0.0,0.0,0,0,1860.37,20.0,135551.0,2638.78,849,253,7530.62,6777.56,32.682,19.1123,-7.60783,0.0,32,4,4,0,0,0.0544554,11,0,0.0544554,11,191,221,183,0,191,221,183,0,0,0,66,65,0,0,4,0,0,0,1,0,0,0,0,0,0,60,0,0,0,0,0,0,0,0,0,0,0,0,7,1,58,0,NoBug
ac746d5753151c1904efda645429fca6a9086231,com.thinkaurelius.titan.graphdb.database.StandardTitanGraph.getEntry(Lcom/thinkaurelius/titan/graphdb/transaction/InternalTitanTransaction;Lcom/thinkaurelius/titan/graphdb/relations/InternalRelation;ILjava/util/Map;)Lcom/thinkaurelius/titan/diskstorage/keycolumnvalue/Entry;,0.0,0,0,0,0.0,0.0,0,0,63.6155,10.8333,1058.44,103.859,23,19,58.8023,97.7023,129.146,75.5243,110.72,64.7485,1,0,0,2,1,0.0,0,0,0.0,0,3,3,1,4,3,3,1,0,0,0,0,0,0,0,0,0,0,0,0,0,0,0,0,0,0,0,0,0,0,0,0,0,0,0,0,0,0,0,0,0,0,0,NoBug
cf981127bcf88a6f6b6c160104ce6e97c2c37554,com.thinkaurelius.titan.graphdb.transaction.indexcache.SimpleIndexCache.get(Ljava/lang/Object;Lcom/thinkaurelius/titan/core/TitanKey;)Ljava/lang/Iterable;,0.0,0,0,0,0.0,0.0,0,0,56.1057,8.125,730.634,81.121,22,17,40.5908,89.9242,121.302,70.9371,99.4035,58.1307,1,0,0,0,0,0.0,0,0,0.0,0,5,5,1,2,9,9,2,0,0,0,0,1,0,0,0,0,0,0,0,0,1,0,0,0,0,0,0,0,0,0,0,0,0,0,0,0,0,0,0,0,0,0,NoBug
d39591ed87e4e2f0c854e1e9942af37cd070e2e5,com.thinkaurelius.titan.graphdb.relations.CacheProperty.setPropertyDirect(Lcom/thinkaurelius/titan/core/TitanType;Ljava/lang/Object;)V,0.0,0,0,0,0.0,0.0,0,0,37.9742,8.33333,493.392,62.4398,16,13,27.4107,59.207,127.091,74.322,107.754,63.014,1,0,0,0,2,0.0,0,0,0.0,0,4,4,1,2,4,4,1,0,0,0,0,0,0,0,0,0,0,0,0,0,0,0,0,0,0,0,0,0,0,0,0,0,0,0,0,0,0,0,0,0,0,0,NoBug
63f50c66dd4ec7a3e6882886f4aee674552564e4,com.thinkaurelius.titan.graphdb.TestMockIndexProvider.<init>(Lcom/thinkaurelius/titan/diskstorage/configuration/Configuration;)V,0.0,0,0,0,0.0,0.0,0,0,17.5098,3.0,144.0,27.4731,16,8,8.0,48.0,124.567,72.8461,104.113,60.8848,1,0,0,0,0,0.0,0,0,0.0,0,5,5,2,1,5,5,2,0,0,0,0,0,0,0,0,0,0,0,0,0,0,0,0,0,0,0,0,0,0,0,0,0,0,0,0,0,0,0,0,0,0,0,NoBug
7720850da32092290f6ee0e375eb22cb367a3310,com.thinkaurelius.faunus.mapreduce.filter.PropertyFilterMapTest.testVerticesOnName()V,0.893491,5,5,5,0.842105,0.8,16,12,244.478,18.9815,15148.4,612.225,140,52,841.577,798.062,92.1522,53.8902,57.3485,33.5371,1,0,0,0,6,0.0,0,0,0.0,0,15,19,13,0,15,19,13,0,0,0,1,10,0,0,0,0,0,0,0,0,0,0,0,0,0,10,0,0,0,0,0,0,0,0,0,0,0,0,0,1,0,0,NoBug
86bc51a0b9aa5d6d59ec1770f6fdafff8d0a5f7e,com.thinkaurelius.titan.graphdb.inmemory.InMemoryMetricsTest.verifyMetrics(Ljava/lang/String;)V,0.0,0,0,0,0.0,0.0,0,0,42.8086,7.33333,474.65,60.8484,17,14,26.3695,64.725,131.288,76.7764,113.809,66.555,1,0,0,1,1,0.0,0,0,0.0,0,3,3,1,1,3,3,1,0,0,0,0,0,0,0,0,0,0,0,0,0,0,0,0,0,0,0,0,0,0,0,0,0,0,0,0,0,0,0,0,0,0,0,NoBug
ed88d7286080492045efafb45a69fa4cb6eeb94d,com.thinkaurelius.titan.graphdb.query.ComplexTitanQuery.keys([Ljava/lang/String;)Lcom/thinkaurelius/titan/core/TitanQuery;,0.0,0,0,0,0.0,0.0,0,0,42.8086,5.5,293.166,44.1309,14,14,16.287,53.303,127.637,74.6414,108.542,63.4749,1,0,0,0,0,0.0,0,0,0.0,0,4,4,1,1,4,4,1,0,0,0,0,0,0,0,0,0,0,0,0,0,0,0,0,0,0,0,0,0,0,0,0,0,0,0,0,0,0,0,0,0,0,0,NoBug
b55f4f332ee7c5c47295db46ffac2d2355968f79,com.thinkaurelius.titan.graphdb.transaction.VertexIterable.iterator()Ljava/util/Iterator;,0.0,0,0,0,0.0,0.0,0,0,33.2193,5.0,242.16,38.851,14,11,13.4533,48.432,124.52,72.8189,104.046,60.8455,1,0,0,0,0,0.0,0,0,0.027027,1,5,5,1,0,36,42,19,0,0,0,0,8,0,0,6,0,0,0,0,0,1,0,0,0,0,0,0,0,0,0,0,0,0,0,1,0,0,0,0,0,0,0,NoBug
ed88d7286080492045efafb45a69fa4cb6eeb94d,com.thinkaurelius.titan.graphdb.query.EmptyAtomicQuery.count()J,0.0,0,0,0,0.0,0.0,0,0,13.6096,2.5,49.1287,13.414,7,7,2.72937,19.6515,132.826,77.6758,116.028,67.8525,1,0,0,0,0,0.0,0,0,0.0,0,4,4,1,0,4,4,1,0,0,0,0,0,0,0,0,0,0,0,0,0,0,0,0,0,0,0,0,0,0,0,0,0,0,0,0,0,0,0,0,0,0,0,NoBug
bc1e73742882df152df3fc4e41ab3a90754e1292,com.thinkaurelius.titan.graphdb.transaction.StandardPersistTitanTx.abort()V,0.0,0,0,0,0.0,0.0,0,0,45.0195,6.0,502.571,63.2118,22,14,27.9206,83.7618,116.221,67.9654,92.0721,53.8433,1,0,0,1,4,0.0,0,0,0.0,0,7,7,4,0,7,7,4,0,0,0,0,1,0,0,0,0,0,0,0,0,1,0,0,0,0,0,0,0,0,0,0,0,0,0,0,0,0,0,0,0,0,0,NoBug
ed88d7286080492045efafb45a69fa4cb6eeb94d,com.thinkaurelius.titan.util.interval.DoesNotExist.<init>()V,0.0,0,0,0,0.0,0.0,0,0,4.75489,1.5,12.0,5.24148,4,4,0.666667,8.0,159.957,93.542,155.17,90.7427,1,0,0,0,0,0.0,0,0,0.0,0,1,1,0,0,1,1,0,0,0,0,0,0,0,0,0,0,0,0,0,0,0,0,0,0,0,0,0,0,0,0,0,0,0,0,0,0,0,0,0,0,0,0,NoBug
376bad20b40a842876fbda80efd2583266c88cfe,com.thinkaurelius.titan.graphdb.query.vertex.MultiVertexCentricQueryBuilder.addVertex(Lcom/thinkaurelius/titan/core/TitanVertex;)Lcom/thinkaurelius/titan/core/TitanMultiVertexQuery;,0.0,0,0,0,0.0,0.0,0,0,52.8606,6.5,546.0,66.8029,21,16,30.3333,84.0,116.206,67.9567,132.257,77.3432,1,0,0,1,0,0.363636,4,4,0.363636,4,7,7,4,1,7,7,4,0,0,0,0,0,0,0,0,0,0,0,0,0,0,0,0,0,0,0,0,0,0,0,0,0,0,0,0,0,0,0,0,0,0,0,NoBug
86bc51a0b9aa5d6d59ec1770f6fdafff8d0a5f7e,com.thinkaurelius.titan.graphdb.inmemory.InMemoryMetricsTest.verifyMetrics(Ljava/lang/String;Ljava/lang/String;Ljava/util/Map;)V,0.0,0,0,0,0.0,0.0,0,0,113.112,15.5455,3775.98,242.486,50,29,209.776,242.899,110.224,64.4588,83.6249,48.9035,3,2,2,2,1,0.0,0,0,0.0,0,7,7,5,3,7,7,5,0,0,0,0,4,0,0,2,0,0,0,0,0,0,0,0,1,0,1,0,0,0,0,0,0,0,0,0,0,0,0,0,0,0,0,NoBug
33a560db97bf3187ac45d1fe4fdf2e6b817bec40,com.thinkaurelius.titan.graphdb.database.serialize.attribute.CharacterSerializer.read(Ljava/nio/ByteBuffer;)Ljava/lang/Character;,0.0,0,0,0,0.0,0.0,0,0,86.6683,12.6,1652.91,139.798,29,23,91.8283,131.183,119.339,69.7888,96.5705,56.474,1,0,0,0,1,0.0,0,0,0.0,0,5,5,2,1,5,5,2,0,0,0,0,0,0,0,0,0,0,0,0,0,0,0,0,0,0,0,0,0,0,0,0,0,0,0,0,0,0,0,0,0,0,0,NoBug
ed88d7286080492045efafb45a69fa4cb6eeb94d,com.thinkaurelius.titan.graphdb.query.QueryUtil.queryCoveredByDiskIndexes(Lcom/thinkaurelius/titan/graphdb/query/AtomicQuery;)Z,0.0,0,0,0,0.0,0.0,0,0,271.383,58.6364,44205.4,1250.21,131,54,2455.85,753.89,87.6547,51.2601,89.545,52.3655,9,3,3,2,8,0.307692,8,7,0.307692,8,18,18,18,1,18,18,18,0,0,0,0,9,0,0,8,0,0,0,0,0,1,0,0,0,0,0,0,0,0,0,0,0,0,0,0,0,0,0,0,0,0,0,NoBug
ed88d7286080492045efafb45a69fa4cb6eeb94d,com.thinkaurelius.titan.graphdb.relations.factory.RelationFactoryUtil.hasRelationOfType(LInternalTitanVertex;LTitanType;LDirection;)Z,0.0,0,0,0,0.0,0.0,0,0,134.039,21.0,5775.0,321.885,55,32,320.833,275.0,105.738,61.8349,77.0501,45.0585,2,1,1,1,5,0.0,0,0,0.0,0,9,9,5,3,9,9,5,0,0,0,0,2,0,0,0,0,0,0,0,0,2,0,0,0,0,0,0,0,0,0,0,0,0,0,0,0,0,0,0,0,0,0,NoBug
8e76984347ad0cc94af1cde0ecb9b018e79d526c,com.thinkaurelius.titan.diskstorage.cassandra.thrift.thriftpool.CTConnectionFactory$Config.<init>([Ljava/lang/String;ILjava/lang/String;Ljava/lang/String;)V,0.0,0,0,0,0.0,0.0,0,0,40.139,4.5,548.259,66.987,32,14,30.4588,121.835,114.272,66.826,89.2611,52.1995,1,0,0,0,0,0.0,0,0,0.0,0,7,7,5,4,7,7,5,0,0,0,0,0,0,0,0,0,0,0,0,0,0,0,0,0,0,0,0,0,0,0,0,0,0,0,0,0,0,0,0,0,0,0,NoBug
343cb98a1c918e3a8e9262b337388112c888c325,com.thinkaurelius.faunus.formats.rexster.RexsterRecordReader.openRexsterStream()V,0.0,0,0,0,0.0,0.0,0,0,156.911,21.0,7491.22,382.856,69,36,416.179,356.725,99.7243,58.3183,68.3745,39.9851,2,1,1,1,3,0.0,0,0,0.0,0,12,13,5,0,12,13,5,0,0,0,2,0,0,0,0,0,0,0,0,0,0,0,0,0,0,0,0,0,0,0,0,0,0,0,0,0,0,2,0,0,0,0,NoBug
d39591ed87e4e2f0c854e1e9942af37cd070e2e5,com.thinkaurelius.titan.graphdb.relations.StandardProperty.setPropertyDirect(Lcom/thinkaurelius/titan/core/TitanType;Ljava/lang/Object;)V,1.0,1,4,1,1.0,1.0,15,15,146.211,24.375,8432.47,414.289,68,34,468.471,345.947,95.8089,56.0286,62.9294,36.8008,4,3,3,0,3,0.0,0,0,0.0,0,15,15,7,2,15,15,7,0,0,0,0,0,0,0,0,0,0,0,0,0,0,0,0,0,0,0,0,0,0,0,0,0,0,0,0,0,0,0,0,0,0,0,NoBug
8ed7a34830b0a78e03142c2f4be6ea9d63b30fa8,com.thinkaurelius.titan.diskstorage.idmanagement.ConsistentKeyIDAuthority.openTx()Lcom/thinkaurelius/titan/diskstorage/keycolumnvalue/StoreTransaction;,0.0,0,0,0,0.0,0.0,0,0,24.0,4.0,126.797,25.239,10,9,7.04428,31.6992,130.339,76.2218,112.441,65.7549,1,0,0,0,0,0.0,0,0,0.0,0,4,4,1,0,4,4,1,0,0,0,0,0,0,0,0,0,0,0,0,0,0,0,0,0,0,0,0,0,0,0,0,0,0,0,0,0,0,0,0,0,0,0,NoBug
ed88d7286080492045efafb45a69fa4cb6eeb94d,com.thinkaurelius.titan.graphdb.relations.LabeledTitanEdge.getProperties(Lcom/thinkaurelius/titan/core/TitanKey;)Ljava/lang/Iterable;,0.0,0,0,0,0.0,0.0,0,0,66.0,12.0,1100.86,106.616,22,18,61.1589,91.7384,124.814,72.9904,104.469,61.0929,1,0,0,0,3,0.0,0,0,0.0,0,4,4,1,1,4,4,1,0,0,0,0,0,0,0,0,0,0,0,0,0,0,0,0,0,0,0,0,0,0,0,0,0,0,0,0,0,0,0,0,0,0,0,NoBug
55d73740c60812fa57864c07f01e08b09a4504f4,com.thinkaurelius.titan.graphdb.database.IndexSerializer.longID2Name(J)Ljava/lang/String;,0.0,0,0,0,0.0,0.0,0,0,47.7744,10.0,742.309,81.9829,19,15,41.2394,74.2309,125.915,73.6343,106.057,62.0219,1,0,0,2,1,0.0,0,0,0.0,0,4,4,2,1,4,4,2,0,0,0,0,0,0,0,0,0,0,0,0,0,0,0,0,0,0,0,0,0,0,0,0,0,0,0,0,0,0,0,0,0,0,0,NoBug
ed88d7286080492045efafb45a69fa4cb6eeb94d,com.thinkaurelius.titan.graphdb.query.SimpleAtomicQuery.direction(LDirection;)LSimpleAtomicQuery;,0.0,0,0,0,0.0,0.0,0,0,28.7549,5.33333,239.854,38.6039,13,11,13.3252,44.9726,124.906,73.0442,104.602,61.1706,1,0,0,8,0,0.0,0,0,0.0,0,5,5,2,1,5,5,2,0,0,0,0,0,0,0,0,0,0,0,0,0,0,0,0,0,0,0,0,0,0,0,0,0,0,0,0,0,0,0,0,0,0,0,NoBug
ed88d7286080492045efafb45a69fa4cb6eeb94d,com.thinkaurelius.titan.graphdb.query.ComplexTitanQuery.relations()Ljava/lang/Iterable;,0.0,0,0,0,0.0,0.0,0,0,45.0195,6.0,365.506,51.1207,16,14,20.3059,60.9177,126.943,74.2354,107.54,62.8891,1,0,0,0,2,0.0,0,0,0.0,0,4,4,1,0,4,4,1,0,0,0,0,0,0,0,0,0,0,0,0,0,0,0,0,0,0,0,0,0,0,0,0,0,0,0,0,0,0,0,0,0,0,0,NoBug
ed88d7286080492045efafb45a69fa4cb6eeb94d,com.thinkaurelius.titan.graphdb.loading.EdgeLoadingTest.edgeLoadingTest()V,0.0,0,0,0,0.0,0.0,0,0,131.327,41.8,26961.0,899.133,129,32,1497.83,645.0,88.599,51.8123,52.2224,30.5394,1,0,0,0,7,0.0,0,0,0.0,0,20,22,17,0,20,22,17,0,0,0,0,12,0,0,0,0,0,0,0,0,0,0,0,0,0,12,0,0,0,0,0,0,0,0,0,0,0,0,0,0,0,0,NoBug
376bad20b40a842876fbda80efd2583266c88cfe,com.thinkaurelius.titan.graphdb.transaction.StandardTitanTx.isOpen()Z,0.0,0,0,0,0.0,0.0,0,0,17.5098,3.0,72.0,17.307,8,8,4.0,24.0,131.786,77.0679,114.528,66.9756,1,0,0,4,0,0.0,0,0,0.0,0,4,4,1,0,4,4,1,0,0,0,0,0,0,0,0,0,0,0,0,0,0,0,0,0,0,0,0,0,0,0,0,0,0,0,0,0,0,0,0,0,0,0,NoBug
86bc51a0b9aa5d6d59ec1770f6fdafff8d0a5f7e,com.thinkaurelius.titan.graphdb.inmemory.InMemoryMetricsTest.close()V,0.0,0,0,0,0.0,0.0,0,0,21.6515,3.5,99.8526,21.5232,9,9,5.54737,28.5293,130.887,76.5422,113.231,66.2171,1,0,0,0,1,0.0,0,0,0.0,0,4,4,1,0,4,4,1,0,0,0,0,0,0,0,0,0,0,0,0,0,0,0,0,0,0,0,0,0,0,0,0,0,0,0,0,0,0,0,0,0,0,0,NoBug
33a560db97bf3187ac45d1fe4fdf2e6b817bec40,com.thinkaurelius.titan.core.attribute.FullFloat.floatValue()F,0.0,0,0,0,0.0,0.0,0,0,13.6096,2.5,49.1287,13.414,7,7,2.72937,19.6515,132.826,77.6758,116.028,67.8525,1,0,0,0,0,0.0,0,0,0.0,0,4,4,1,0,4,4,1,0,0,0,0,0,0,0,0,0,0,0,0,0,0,0,0,0,0,0,0,0,0,0,0,0,0,0,0,0,0,0,0,0,0,0,NoBug
442f468a5b0c962b5c087baa682302976a08cbb8,com.thinkaurelius.titan.diskstorage.Backend.beginTransaction()Lcom/thinkaurelius/titan/diskstorage/BackendTransaction;,0.0,0,0,0,0.0,0.0,0,0,316.62,46.3235,38338.9,1137.0,139,62,2129.94,827.633,87.8594,51.3798,90.6569,53.0158,6,3,2,1,10,0.333333,9,7,0.333333,9,18,22,12,0,18,22,12,0,0,0,1,0,0,1,0,0,0,0,0,0,0,1,0,0,0,0,0,0,0,0,0,0,0,0,0,0,0,0,0,0,0,0,NoBug
7720850da32092290f6ee0e375eb22cb367a3310,com.thinkaurelius.faunus.formats.VertexQueryFilterTest.testDefaultFilterHasTinkerGraph()V,0.0,0,0,0,0.0,0.0,0,0,248.032,29.2778,20194.4,741.574,121,52,1121.91,689.753,88.3912,51.6907,52.2279,30.5426,4,2,2,0,4,0.0,0,0,0.0,0,19,21,14,0,19,21,14,0,0,0,1,4,0,0,0,0,0,0,0,0,0,0,0,0,0,4,0,0,0,0,0,0,0,0,0,0,0,0,0,1,0,0,NoBug
ed88d7286080492045efafb45a69fa4cb6eeb94d,com.thinkaurelius.titan.graphdb.query.ComplexTitanQuery.labels([Ljava/lang/String;)Lcom/thinkaurelius/titan/core/TitanQuery;,0.0,0,0,0,0.0,0.0,0,0,42.8086,5.5,293.166,44.1309,14,14,16.287,53.303,127.637,74.6414,108.542,63.4749,1,0,0,0,0,0.0,0,0,0.0,0,4,4,1,1,4,4,1,0,0,0,0,0,0,0,0,0,0,0,0,0,0,0,0,0,0,0,0,0,0,0,0,0,0,0,0,0,0,0,0,0,0,0,NoBug
442f468a5b0c962b5c087baa682302976a08cbb8,com.thinkaurelius.titan.diskstorage.Backend.getStorageManager(LConfiguration;)LKeyColumnValueStoreManager;,0.0,0,0,0,0.0,0.0,0,0,111.89,19.5,4405.94,268.757,47,28,244.774,225.946,105.053,61.4343,76.0616,44.4805,2,1,1,1,2,0.0,0,0,0.0,0,10,10,5,1,10,10,5,0,0,0,0,2,0,0,0,0,0,0,0,0,0,0,0,2,0,0,0,0,0,0,0,0,0,0,0,0,0,0,0,0,0,0,NoBug
ed88d7286080492045efafb45a69fa4cb6eeb94d,com.thinkaurelius.titan.graphdb.query.ComplexTitanQuery.has(Lcom/thinkaurelius/titan/core/TitanType;Ljava/lang/Object;)Lcom/thinkaurelius/titan/core/TitanQuery;,0.0,0,0,0,0.0,0.0,0,0,96.2204,22.1667,4117.55,256.897,40,25,228.753,185.754,114.346,66.8693,89.4699,52.3216,2,1,1,0,1,0.0,0,0,0.0,0,6,6,5,2,6,6,5,0,0,0,0,1,0,0,1,0,0,0,0,0,0,0,0,0,0,0,0,0,0,0,0,0,0,0,0,0,0,0,0,0,0,0,NoBug
070f75a3a577d2703e77fac45710686dc1cd8a99,com.thinkaurelius.titan.graphdb.TitanGraphTest.testSchemaNameChange()V,0.0,0,0,0,0.0,0.0,0,0,770.741,48.4067,142993.0,2734.5,422,128,7944.07,2954.0,64.2984,37.6014,36.7903,21.5148,1,0,0,0,36,0.0677966,4,0,0.0677966,4,55,74,52,0,55,74,52,0,0,0,5,32,0,0,0,0,0,0,0,0,0,0,0,3,0,29,0,0,0,0,0,0,0,0,0,0,0,0,5,0,0,0,NoBug
ed88d7286080492045efafb45a69fa4cb6eeb94d,com.thinkaurelius.titan.graphdb.transaction.InMemoryTitanGraph.getRawNeighborhood(LAtomicQuery;)LAbstractLongList;,0.0,0,0,0,0.0,0.0,0,0,37.9742,5.0,240.529,38.6763,13,13,13.3627,48.1057,128.17,74.9534,109.312,63.925,1,0,0,0,0,0.0,0,0,0.0,0,4,4,1,1,4,4,1,0,0,0,0,0,0,0,0,0,0,0,0,0,0,0,0,0,0,0,0,0,0,0,0,0,0,0,0,0,0,0,0,0,0,0,NoBug
ed88d7286080492045efafb45a69fa4cb6eeb94d,com.thinkaurelius.titan.util.interval.DoesNotExist.isPoint()Z,0.0,0,0,0,0.0,0.0,0,0,13.6096,2.5,49.1287,13.414,7,7,2.72937,19.6515,132.826,77.6758,116.028,67.8525,1,0,0,0,0,0.0,0,0,0.0,0,4,4,1,0,4,4,1,0,0,0,0,0,0,0,0,0,0,0,0,0,0,0,0,0,0,0,0,0,0,0,0,0,0,0,0,0,0,0,0,0,0,0,NoBug
814a5107c5858ef3d4411610feaed4cf74237eb5,com.thinkaurelius.titan.graphdb.transaction.StandardTitanTx.removeRelation(Lcom/thinkaurelius/titan/graphdb/internal/InternalRelation;)V,0.0,0,0,0,0.0,0.0,0,0,261.859,71.6667,53109.1,1412.9,130,52,2950.51,741.057,83.5435,48.8559,66.3682,38.8118,7,4,4,4,12,0.0769231,2,0,0.0769231,2,24,26,18,1,24,26,18,0,0,0,0,5,0,0,4,0,0,0,0,0,1,0,0,0,0,0,0,0,0,0,0,0,0,0,0,0,0,0,0,0,0,0,NoBug
ed88d7286080492045efafb45a69fa4cb6eeb94d,com.thinkaurelius.titan.graphdb.query.EmptyAtomicQuery.limit(J)Lcom/thinkaurelius/titan/core/TitanQuery;,0.0,0,0,0,0.0,0.0,0,0,21.6515,3.5,99.8526,21.5232,9,9,5.54737,28.5293,130.887,76.5422,113.231,66.2171,1,0,0,0,0,0.0,0,0,0.0,0,4,4,1,1,4,4,1,0,0,0,0,0,0,0,0,0,0,0,0,0,0,0,0,0,0,0,0,0,0,0,0,0,0,0,0,0,0,0,0,0,0,0,NoBug
3247d28161a1c089cb463c208ae21c5129eee1af,com.thinkaurelius.titan.graphdb.database.cache.MetricInstrumentedSchemaCache.incAction(Ljava/lang/String;Lcom/thinkaurelius/titan/diskstorage/util/CacheMetricsAction;)V,0.0,0,0,0,0.0,0.0,0,0,20.2647,3.0,123.627,24.8166,13,9,6.86817,41.209,133.635,78.1494,117.196,68.5358,1,0,0,0,0,0.0,0,0,0.0,0,3,3,1,2,3,3,1,0,0,0,1,0,0,0,0,0,0,0,0,0,0,0,0,0,0,0,0,0,0,0,0,0,0,0,0,0,0,0,0,0,1,0,NoBug
33a560db97bf3187ac45d1fe4fdf2e6b817bec40,com.thinkaurelius.titan.graphdb.database.serialize.attribute.DoubleSerializer.writeObjectData(Lcom/thinkaurelius/titan/graphdb/database/serialize/DataOutput;Ljava/lang/Double;)V,0.0,0,0,0,0.0,0.0,0,0,120.768,21.0,5976.59,329.333,58,30,332.033,284.6,109.631,64.1115,82.6663,48.3429,2,0,0,0,2,0.0,0,0,0.0,0,7,7,4,2,7,7,4,0,0,0,0,4,0,0,0,0,0,0,1,0,3,0,0,0,0,0,0,0,0,0,0,0,0,0,0,0,0,0,0,0,0,0,NoBug
ed88d7286080492045efafb45a69fa4cb6eeb94d,com.thinkaurelius.titan.graphdb.query.EmptyAtomicQuery.edges()Ljava/lang/Iterable;,0.0,0,0,0,0.0,0.0,0,0,40.0537,5.5,264.581,41.2135,13,13,14.699,48.1057,128.17,74.9534,109.312,63.925,1,0,0,0,1,0.0,0,0,0.0,0,4,4,1,0,4,4,1,0,0,0,0,0,0,0,0,0,0,0,0,0,0,0,0,0,0,0,0,0,0,0,0,0,0,0,0,0,0,0,0,0,0,0,NoBug
33a560db97bf3187ac45d1fe4fdf2e6b817bec40,com.thinkaurelius.titan.graphdb.database.serialize.attribute.BooleanSerializer.read(Ljava/nio/ByteBuffer;)Ljava/lang/Boolean;,0.0,0,0,0,0.0,0.0,0,0,110.439,15.0,3100.74,212.64,43,28,172.264,206.716,111.063,64.9493,84.835,49.6111,3,2,1,0,0,0.0,0,0,0.0,0,7,7,6,1,7,7,6,0,0,0,0,3,0,0,2,0,0,0,0,0,1,0,0,0,0,0,0,0,0,0,0,0,0,0,0,0,0,0,0,0,0,0,NoBug
ed88d7286080492045efafb45a69fa4cb6eeb94d,com.thinkaurelius.titan.graphdb.relations.LabeledTitanEdge.getRelations()Ljava/lang/Iterable;,0.0,0,0,0,0.0,0.0,0,0,53.303,7.0,437.572,57.6368,16,15,24.3095,62.5103,126.808,74.1569,107.347,62.7758,1,0,0,0,2,0.0,0,0,0.0,0,4,4,1,0,4,4,1,0,0,0,0,0,0,0,0,0,0,0,0,0,0,0,0,0,0,0,0,0,0,0,0,0,0,0,0,0,0,0,0,0,0,0,NoBug
e773067c084e9e6a0a58b739d06f86f0ad36a994,com.thinkaurelius.titan.diskstorage.log.LogTest.testMultipleLogsWithSingleReader()V,0.0,0,0,0,0.0,0.0,0,0,249.012,35.0,21747.2,779.116,109,52,1208.18,621.348,92.1782,53.9054,57.4879,33.6186,2,1,1,0,5,0.0,0,0,0.0,0,16,16,14,0,16,16,14,0,0,0,1,3,0,0,0,0,0,0,0,0,0,0,0,0,0,3,0,0,0,0,0,0,0,0,0,0,0,0,0,1,0,0,NoBug
d39591ed87e4e2f0c854e1e9942af37cd070e2e5,com.thinkaurelius.titan.graphdb.relations.CacheProperty.getID()J,0.0,0,0,0,0.0,0.0,0,0,71.4869,17.0,1949.8,156.073,27,19,108.322,114.694,116.854,68.3355,93.087,54.4369,2,1,1,0,3,0.0,0,0,0.0,0,6,6,4,0,6,6,4,0,0,0,0,2,0,0,1,0,0,0,0,0,1,0,0,0,0,0,0,0,0,0,0,0,0,0,0,0,0,0,0,0,0,0,NoBug
33a560db97bf3187ac45d1fe4fdf2e6b817bec40,com.thinkaurelius.titan.core.attribute.FullFloat.longValue()J,0.0,0,0,0,0.0,0.0,0,0,17.5098,3.0,81.0,18.7208,9,8,4.5,27.0,131.174,76.7098,113.645,66.4588,1,0,0,0,0,0.0,0,0,0.0,0,4,4,1,0,4,4,1,0,0,0,0,0,0,0,0,0,0,0,0,0,0,0,0,0,0,0,0,0,0,0,0,0,0,0,0,0,0,0,0,0,0,0,NoBug
d39591ed87e4e2f0c854e1e9942af37cd070e2e5,com.thinkaurelius.titan.graphdb.relations.CacheEdge.copyProperties(Lcom/thinkaurelius/titan/graphdb/internal/InternalRelation;)V,0.0,0,0,0,0.0,0.0,0,0,129.691,30.8571,9325.21,443.036,61,31,518.067,302.206,106.925,62.5294,78.8652,46.12,3,2,2,1,7,0.0,0,0,0.0,0,8,8,8,1,8,8,8,0,0,0,0,2,0,0,2,0,0,0,0,0,0,0,0,0,0,0,0,0,0,0,0,0,0,0,0,0,0,0,0,0,0,0,NoBug
86bc51a0b9aa5d6d59ec1770f6fdafff8d0a5f7e,com.thinkaurelius.titan.diskstorage.keycolumnvalue.KeySliceQuery.hashCode()I,0.0,0,0,0,0.0,0.0,0,0,40.0537,5.5,325.639,47.3323,16,13,18.091,59.207,127.091,74.322,107.754,63.014,1,0,0,0,1,0.0,0,0,0.0,0,4,4,1,0,4,4,1,0,0,0,0,0,0,0,0,0,0,0,0,0,0,0,0,0,0,0,0,0,0,0,0,0,0,0,0,0,0,0,0,0,0,0,NoBug
26bbee89f169c89334baf92b54894fa17230d5d4,com.thinkaurelius.titan.graphdb.TitanGraphTest.testVertexRemoval()V,0.0,0,0,0,0.0,0.0,0,0,52.5293,10.6667,2441.58,181.321,56,17,135.643,228.898,102.261,59.802,71.9331,42.0661,1,0,0,0,1,0.0,0,0,0.0,0,12,15,9,0,12,15,9,0,0,0,3,0,0,0,0,0,0,0,0,0,0,0,0,0,0,1,0,0,0,0,0,0,0,0,0,0,0,0,1,0,1,0,NoBug
86bc51a0b9aa5d6d59ec1770f6fdafff8d0a5f7e,com.thinkaurelius.titan.graphdb.inmemory.InMemoryMetricsTest.printAllMetrics(Ljava/lang/String;)V,0.0,0,0,0,0.0,0.0,0,0,155.769,19.4211,12950.2,551.463,128,37,719.453,666.81,94.7148,55.3888,61.351,35.8778,4,3,3,1,2,0.0,0,0,0.0,0,13,13,11,1,13,13,11,0,1,0,0,13,0,0,0,0,0,0,0,0,0,0,0,5,0,0,0,8,0,0,0,0,0,0,0,0,0,0,1,0,0,0,NoBug
5f904d746f517fc714368c0258df4fd545e3829f,com.thinkaurelius.titan.graphdb.TitanGraphTest.testQuery()V,0.823285,1,24,2,0.690972,0.708861,199,168,6792.75,75.2284,2452240.0,18184.8,3411,753,136236.0,32597.2,20.7891,12.1574,-24.4601,0.0,33,3,3,0,43,0.0557769,14,0,0.0557769,14,237,288,252,0,237,288,252,0,0,0,6,142,0,0,17,0,0,0,0,0,0,0,0,0,0,125,0,0,0,0,0,0,0,0,0,0,0,0,5,0,1,0,NoBug
ed88d7286080492045efafb45a69fa4cb6eeb94d,com.thinkaurelius.titan.graphdb.query.SimpleAtomicQuery.edges()Ljava/lang/Iterable;,0.0,0,0,0,0.0,0.0,0,0,74.2418,8.5,918.41,94.4839,25,20,51.0228,108.048,120.348,70.3788,98.026,57.3251,1,0,0,0,3,0.0,0,0,0.0,0,5,5,2,0,5,5,2,0,0,0,0,0,0,0,0,0,0,0,0,0,0,0,0,0,0,0,0,0,0,0,0,0,0,0,0,0,0,0,0,0,0,0,NoBug
343cb98a1c918e3a8e9262b337388112c888c325,com.thinkaurelius.faunus.formats.rexster.util.HttpHelper.createConnection(Ljava/lang/String;Ljava/lang/String;)Ljava/net/HttpURLConnection;,0.0,0,0,0,0.0,0.0,0,0,131.327,20.9,7001.5,365.983,67,32,388.972,335.0,103.235,60.3711,73.3371,42.8872,1,0,0,2,0,0.0,0,0,0.0,0,10,13,8,2,10,13,8,0,0,0,1,0,0,0,0,0,0,0,0,0,0,0,0,0,0,0,0,0,0,0,0,0,0,0,0,0,0,0,0,1,0,0,NoBug
9258a9dd339b1bf7a4039cf3d7e44807ce3e5a5f,com.thinkaurelius.titan.graphdb.TitanIndexTest.assertGraphOfTheGods(Lcom/thinkaurelius/titan/core/TitanGraph;)V,0.0,0,0,0,0.0,0.0,0,0,96.2114,9.5,2098.75,163.923,47,26,116.597,220.921,109.014,63.7512,81.6756,47.7635,1,0,0,1,1,0.0,0,0,0.0,0,8,8,6,1,8,8,6,0,0,0,3,5,0,0,0,0,0,0,0,0,0,0,0,0,0,5,0,0,0,0,0,0,0,0,0,0,0,0,3,0,0,0,NoBug
070f75a3a577d2703e77fac45710686dc1cd8a99,com.thinkaurelius.titan.graphdb.TitanGraphTest.testGlobalGraphIndexingAndQueriesForInternalIndexes()V,0.840782,8,28,16,0.7375,0.780864,295,253,4253.38,15.5,250214.0,3970.77,1804,494,13900.8,16142.9,21.9079,12.8117,-20.375,0.0,22,2,2,0,0,0.082153,29,6,0.082153,29,324,400,246,0,324,400,246,0,9,0,45,33,0,9,2,0,0,0,0,0,0,9,0,0,0,31,0,0,0,0,0,0,0,0,0,0,0,1,4,0,40,0,NoBug
7720850da32092290f6ee0e375eb22cb367a3310,com.thinkaurelius.faunus.FaunusVertexTest.testLargeProperty()V,0.0,0,0,0,0.0,0.0,0,0,213.303,30.8571,16191.9,640.028,95,46,899.552,524.738,96.4207,56.3864,83.724,48.9614,2,1,1,0,5,0.0714286,1,0,0.0714286,1,13,15,12,0,13,15,12,0,1,0,2,3,0,0,0,0,0,0,0,0,1,0,0,0,0,3,0,0,0,0,0,0,0,0,0,1,0,0,0,1,0,0,NoBug
0a02b5352020cdf5518610bd54c004399c5308f3,com.thinkaurelius.titan.diskstorage.util.OrderedKeyValueStoreAdapter$KeyColumnSliceSelector.<init>(Ljava/nio/ByteBuffer;)V,0.0,0,0,0,0.0,0.0,0,0,20.2647,4.0,126.797,25.239,10,9,7.04428,31.6992,135.0,78.9472,119.164,69.6868,1,0,0,1,1,0.0,0,0,0.0,0,3,3,1,1,3,3,1,0,0,0,0,0,0,0,0,0,0,0,0,0,0,0,0,0,0,0,0,0,0,0,0,0,0,0,0,0,0,0,0,0,0,0,NoBug
d39591ed87e4e2f0c854e1e9942af37cd070e2e5,com.thinkaurelius.titan.graphdb.relations.CacheEdge.getLifeCycle()B,0.0,0,0,0,0.0,0.0,0,0,98.0482,10.0,1857.54,151.11,40,25,103.197,185.754,113.886,66.6003,89.0099,52.0526,4,1,1,0,6,0.0,0,0,0.0,0,6,6,3,0,6,6,3,0,0,0,0,2,0,0,1,0,0,0,0,0,1,0,0,0,0,0,0,0,0,0,0,0,0,0,0,0,0,0,0,0,0,0,NoBug
598e12b21c73c1eb837031f2bee0398c08ad9d09,com.thinkaurelius.titan.graphdb.idmanagement.IDPoolTest.testAllocationTimeoutAndRecovery()V,0.0,0,0,0,0.0,0.0,0,0,111.906,7.0,2244.39,171.422,66,29,124.688,320.627,90.4597,52.9004,76.6312,44.8136,2,1,1,0,0,0.0833333,2,0,0.0350877,2,22,31,15,0,55,69,25,0,1,0,7,3,0,1,0,0,0,0,0,0,1,1,0,1,0,1,0,0,0,0,0,0,0,0,0,0,0,0,0,0,7,0,NoBug
3247d28161a1c089cb463c208ae21c5129eee1af,com.thinkaurelius.titan.graphdb.database.cache.MetricInstrumentedSchemaCache.<init>(Lcom/thinkaurelius/titan/graphdb/database/cache/SchemaCache$StoreRetrieval;)V,0.0,0,0,0,0.0,0.0,0,0,17.5098,3.0,81.0,18.7208,9,8,4.5,27.0,131.174,76.7098,113.645,66.4588,1,0,0,1,0,0.0,0,0,0.0,0,4,4,1,1,14,15,5,0,0,0,0,1,0,0,0,0,0,0,0,0,1,0,0,0,0,0,0,0,0,0,0,0,0,0,0,0,0,0,0,0,0,0,NoBug
ed88d7286080492045efafb45a69fa4cb6eeb94d,com.thinkaurelius.titan.util.interval.Range.intersect(Lcom/thinkaurelius/titan/util/interval/AtomicInterval;)Lcom/thinkaurelius/titan/util/interval/AtomicInterval;,0.0,0,0,0,0.0,0.0,0,0,239.445,67.1429,95596.6,2090.72,251,51,5310.92,1423.78,68.2284,39.8997,39.6048,23.1607,13,5,3,1,5,0.0416667,2,0,0.0416667,2,46,47,39,1,46,47,39,0,0,0,0,3,0,0,0,0,0,0,2,0,1,0,0,0,0,0,0,0,0,0,0,0,0,0,0,0,0,0,0,0,0,0,NoBug
ed88d7286080492045efafb45a69fa4cb6eeb94d,com.thinkaurelius.titan.graphdb.query.ComplexTitanQuery.types([Lcom/thinkaurelius/titan/core/TitanType;)Lcom/thinkaurelius/titan/core/TitanQuery;,0.0,0,0,0,0.0,0.0,0,0,42.8086,5.5,293.166,44.1309,14,14,16.287,53.303,127.637,74.6414,152.999,89.4729,1,0,0,0,0,0.5,4,4,0.5,4,4,4,1,1,4,4,1,0,0,0,0,0,0,0,0,0,0,0,0,0,0,0,0,0,0,0,0,0,0,0,0,0,0,0,0,0,0,0,0,0,0,0,NoBug
7720850da32092290f6ee0e375eb22cb367a3310,com.thinkaurelius.faunus.tinkerpop.gremlin.ScriptExecutorTest.testVariableAllocation()V,0.0,0,0,0,0.0,0.0,0,0,106.09,10.0,1711.76,143.096,36,27,95.0977,171.176,126.23,73.819,106.513,62.2883,1,0,0,0,1,0.0,0,0,0.0,0,3,3,1,0,3,3,1,0,0,0,2,0,0,0,0,0,0,0,0,0,0,0,0,0,0,1,0,0,0,0,0,0,0,0,0,0,0,0,0,1,0,0,NoBug
ed88d7286080492045efafb45a69fa4cb6eeb94d,com.thinkaurelius.titan.graphdb.query.SimpleAtomicQuery.type(Ljava/lang/String;)Lcom/thinkaurelius/titan/graphdb/query/AtomicQuery;,0.0,0,0,0,0.0,0.0,0,0,75.6096,12.8,1574.21,135.324,28,21,87.4559,122.985,116.491,68.1233,92.5635,54.1307,2,1,1,0,2,0.0,0,0,0.0,0,6,6,4,1,6,6,4,0,0,0,0,2,0,0,1,0,0,0,0,0,1,0,0,0,0,0,0,0,0,0,0,0,0,0,0,0,0,0,0,0,0,0,NoBug
8ed7a34830b0a78e03142c2f4be6ea9d63b30fa8,com.thinkaurelius.titan.graphdb.berkeleyje.BerkeleyGraphTest.testIDBlockAllocationTimeout()V,0.0,0,0,0,0.0,0.0,0,0,48.1808,4.5,684.0,77.6314,38,16,38.0,152.0,97.5918,57.0712,88.8248,51.9443,2,1,1,0,0,0.1,2,0,0.1,2,18,24,12,0,18,24,12,0,1,0,0,3,0,1,0,0,0,0,0,0,0,1,0,0,0,3,0,0,0,0,0,0,0,0,0,0,0,0,0,0,0,0,NoBug
ed88d7286080492045efafb45a69fa4cb6eeb94d,com.thinkaurelius.titan.graphdb.query.SimpleAtomicQuery.getType(Ljava/lang/String;)Lcom/thinkaurelius/titan/core/TitanType;,0.0,0,0,0,0.0,0.0,0,0,119.552,21.0833,4506.59,272.834,44,29,250.366,213.751,110.889,64.8475,84.5839,49.4643,3,1,1,4,4,0.0,0,0,0.0,0,7,7,4,1,7,7,4,0,0,0,0,0,0,0,0,0,0,0,0,0,0,0,0,0,0,0,0,0,0,0,0,0,0,0,0,0,0,0,0,0,0,0,NoBug
33a560db97bf3187ac45d1fe4fdf2e6b817bec40,com.thinkaurelius.titan.core.attribute.FullDouble.longValue()J,0.0,0,0,0,0.0,0.0,0,0,17.5098,3.0,81.0,18.7208,9,8,4.5,27.0,131.174,76.7098,113.645,66.4588,1,0,0,0,0,0.0,0,0,0.0,0,4,4,1,0,4,4,1,0,0,0,0,0,0,0,0,0,0,0,0,0,0,0,0,0,0,0,0,0,0,0,0,0,0,0,0,0,0,0,0,0,0,0,NoBug
ed88d7286080492045efafb45a69fa4cb6eeb94d,com.thinkaurelius.titan.graphdb.query.EmptyAtomicQuery.direction(LDirection;)LTitanQuery;,0.0,0,0,0,0.0,0.0,0,0,21.6515,3.5,99.8526,21.5232,9,9,5.54737,28.5293,130.887,76.5422,113.231,66.2171,1,0,0,0,0,0.0,0,0,0.0,0,4,4,1,1,4,4,1,0,0,0,0,0,0,0,0,0,0,0,0,0,0,0,0,0,0,0,0,0,0,0,0,0,0,0,0,0,0,0,0,0,0,0,NoBug
43619ac420e8393b939f823bd63b99020c75e1f4,com.thinkaurelius.titan.graphdb.database.StandardTitanGraph.loadRelations(Ljava/lang/Iterable;Lcom/thinkaurelius/titan/graphdb/database/VertexRelationLoader;Lcom/thinkaurelius/titan/graphdb/transaction/InternalTitanTransaction;)V,0.0,0,0,0,0.0,0.0,0,0,768.453,130.289,426136.0,5662.82,468,127,23674.2,3270.7,56.7137,33.1659,26.6058,15.5589,21,3,3,1,30,0.0588235,4,0,0.0588235,4,64,80,59,3,64,80,59,0,0,0,0,10,0,0,10,0,0,0,0,0,0,0,0,0,0,0,0,0,0,0,0,0,0,0,0,0,0,0,0,0,0,0,NoBug
7720850da32092290f6ee0e375eb22cb367a3310,com.thinkaurelius.faunus.mapreduce.filter.IntervalFilterMap.createConfiguration(LClass;LString;LObject;LObject;)LConfiguration;,0.0,0,0,0,0.0,0.0,0,0,230.465,47.4375,41017.6,1189.36,154,49,2278.75,864.665,85.5946,50.0553,48.1933,28.1832,4,3,1,3,1,0.0,0,0,0.0,0,21,21,17,4,21,21,17,0,0,0,1,0,0,0,0,0,0,0,0,0,0,0,0,0,0,0,0,0,0,0,0,0,0,0,0,0,0,1,0,0,0,0,NoBug
070f75a3a577d2703e77fac45710686dc1cd8a99,com.thinkaurelius.titan.graphdb.TitanGraphTest.testVertexTTLWithCompositeIndex()V,0.484252,1,1,1,0.323529,0.344828,11,10,190.226,6.0,3785.41,242.889,117,42,210.3,630.901,82.4646,48.2249,43.4741,25.4235,2,1,1,0,0,0.0,0,0,0.0,0,29,34,25,0,29,34,25,0,0,0,8,8,0,0,0,0,0,0,0,0,0,0,0,0,0,8,0,0,0,0,0,0,0,0,0,0,0,0,0,1,7,0,NoBug
0a02b5352020cdf5518610bd54c004399c5308f3,com.thinkaurelius.titan.diskstorage.util.OrderedKeyValueStoreAdapter.convertKey(Ljava/util/List;)Ljava/util/Map;,0.0,0,0,0,0.0,0.0,0,0,263.421,48.6875,46231.5,1288.13,165,54,2568.42,949.556,82.9438,48.5052,44.6745,26.1255,7,3,3,0,5,0.0,0,0,0.0,0,23,23,18,1,23,23,18,0,0,0,1,3,0,0,2,0,0,0,0,0,1,0,0,0,0,0,0,0,0,0,0,0,0,0,0,0,0,0,0,0,1,0,NoBug
0a02b5352020cdf5518610bd54c004399c5308f3,com.thinkaurelius.titan.diskstorage.util.KeyValueStoreAdapter.concatenate(Ljava/nio/ByteBuffer;Ljava/nio/ByteBuffer;Z)Ljava/nio/ByteBuffer;,0.0,0,0,0,0.0,0.0,0,0,163.135,45.1111,25380.5,863.641,108,37,1410.03,562.621,93.28,54.5497,59.2811,34.6673,4,1,1,2,2,0.0,0,0,0.0,0,15,19,15,3,15,19,15,0,0,0,0,2,0,0,2,0,0,0,0,0,0,0,0,0,0,0,0,0,0,0,0,0,0,0,0,0,0,0,0,0,0,0,NoBug
ed88d7286080492045efafb45a69fa4cb6eeb94d,com.thinkaurelius.titan.graphdb.vertices.AbstractTitanVertex.getProperties(Ljava/lang/String;)Ljava/lang/Iterable;,0.0,0,0,0,0.0,0.0,0,0,66.0,12.0,1100.86,106.616,22,18,61.1589,91.7384,124.814,72.9904,104.469,61.0929,1,0,0,0,3,0.0,0,0,0.0,0,4,4,1,1,4,4,1,0,0,0,0,0,0,0,0,0,0,0,0,0,0,0,0,0,0,0,0,0,0,0,0,0,0,0,0,0,0,0,0,0,0,0,NoBug
86bc51a0b9aa5d6d59ec1770f6fdafff8d0a5f7e,com.thinkaurelius.titan.diskstorage.keycolumnvalue.CachedKeyColumnValueStore.getGlobalCacheMisses()J,0.0,0,0,0,0.0,0.0,0,0,30.5293,4.5,171.242,30.8371,11,11,9.51344,38.0537,134.05,78.3916,117.794,68.8853,1,0,0,1,0,0.0,0,0,0.0,0,3,3,1,0,3,3,1,0,0,0,0,0,0,0,0,0,0,0,0,0,0,0,0,0,0,0,0,0,0,0,0,0,0,0,0,0,0,0,0,0,0,0,NoBug
924872055980faf1f2c1545be81f247e722cc961,com.thinkaurelius.titan.graphdb.TitanGraphTest.testQuery()V,0.405585,1,4,2,0.23913,0.271605,22,22,2317.66,46.8826,471790.0,6060.38,1218,307,26210.6,10063.2,49.8134,29.1306,8.98955,5.25705,9,3,2,0,31,0.0240964,2,0,0.0240964,2,81,92,90,0,81,92,90,0,0,0,3,73,0,0,4,0,0,0,0,0,0,0,0,30,0,39,0,0,0,0,0,0,0,0,0,0,0,0,2,0,1,0,NoBug
26bbee89f169c89334baf92b54894fa17230d5d4,com.thinkaurelius.titan.graphdb.transaction.StandardPersistTitanTx.<init>(Lcom/thinkaurelius/titan/graphdb/database/InternalTitanGraph;Lcom/thinkaurelius/titan/graphdb/types/manager/TypeManager;Lcom/thinkaurelius/titan/graphdb/transaction/TransactionConfig;Lcom/thinkaurelius/titan/diskstorage/TransactionHandle;)V,0.0,0,0,0,0.0,0.0,0,0,176.488,21.8077,8356.25,411.789,72,40,464.236,383.179,96.8551,56.6404,64.2351,37.5644,2,1,1,1,3,0.0,0,0,0.0,0,14,15,8,4,14,15,8,0,0,0,0,0,0,0,0,0,0,0,0,0,0,0,0,0,0,0,0,0,0,0,0,0,0,0,0,0,0,0,0,0,0,0,NoBug
7720850da32092290f6ee0e375eb22cb367a3310,com.thinkaurelius.faunus.mapreduce.filter.PropertyFilterMap.createConfiguration(LClass;LString;LCompare;[LObject;)LConfiguration;,0.0,0,0,0,0.0,0.0,0,0,251.688,37.3409,29088.5,945.832,136,53,1616.03,778.997,88.4043,51.6984,52.3487,30.6133,5,2,2,5,1,0.0,0,0,0.0,0,18,20,17,4,18,20,17,0,0,0,0,4,0,0,4,0,0,0,0,0,0,0,0,0,0,0,0,0,0,0,0,0,0,0,0,0,0,0,0,0,0,0,NoBug
86bc51a0b9aa5d6d59ec1770f6fdafff8d0a5f7e,com.thinkaurelius.titan.graphdb.inmemory.InMemoryMetricsTest.printAllMetrics()V,0.0,0,0,0,0.0,0.0,0,0,13.6096,2.5,49.1287,13.414,7,7,2.72937,19.6515,137.486,80.4012,122.751,71.7845,1,0,0,0,1,0.0,0,0,0.0,0,3,3,1,0,3,3,1,0,0,0,0,0,0,0,0,0,0,0,0,0,0,0,0,0,0,0,0,0,0,0,0,0,0,0,0,0,0,0,0,0,0,0,NoBug
0a02b5352020cdf5518610bd54c004399c5308f3,com.thinkaurelius.titan.diskstorage.util.OrderedKeyValueStoreAdapter.getSlice(Ljava/nio/ByteBuffer;Ljava/nio/ByteBuffer;Ljava/nio/ByteBuffer;ILcom/thinkaurelius/titan/diskstorage/TransactionHandle;)Ljava/util/List;,0.0,0,0,0,0.0,0.0,0,0,94.7101,18.0,3259.99,219.859,39,25,181.11,181.11,117.662,68.808,94.151,55.0591,1,0,0,0,4,0.0,0,0,0.0,0,5,5,1,5,5,5,1,0,0,0,0,0,0,0,0,0,0,0,0,0,0,0,0,0,0,0,0,0,0,0,0,0,0,0,0,0,0,0,0,0,0,0,NoBug
ed88d7286080492045efafb45a69fa4cb6eeb94d,com.thinkaurelius.titan.graphdb.query.SimpleTitanQuery.<init>(Lcom/thinkaurelius/titan/graphdb/query/SimpleTitanQuery;)V,0.0,0,0,0,0.0,0.0,0,0,6.75489,2.25,31.346,9.94157,6,5,1.74145,13.9316,139.275,81.4473,125.332,73.2936,1,0,0,1,1,0.0,0,0,0.0,0,3,3,1,1,3,3,1,0,0,0,0,0,0,0,0,0,0,0,0,0,0,0,0,0,0,0,0,0,0,0,0,0,0,0,0,0,0,0,0,0,0,0,NoBug
ed88d7286080492045efafb45a69fa4cb6eeb94d,com.thinkaurelius.titan.graphdb.query.EmptyAtomicQuery.properties()Ljava/lang/Iterable;,0.0,0,0,0,0.0,0.0,0,0,40.0537,5.5,264.581,41.2135,13,13,14.699,48.1057,128.17,74.9534,109.312,63.925,1,0,0,0,1,0.0,0,0,0.0,0,4,4,1,0,4,4,1,0,0,0,0,0,0,0,0,0,0,0,0,0,0,0,0,0,0,0,0,0,0,0,0,0,0,0,0,0,0,0,0,0,0,0,NoBug
8844fb05759ae0d64a9afd5c53dee9dee3650d00,com.thinkaurelius.titan.graphdb.query.StandardElementQuery.matchesCondition(Lcom/thinkaurelius/titan/core/TitanElement;Lcom/thinkaurelius/titan/graphdb/query/keycondition/KeyCondition;)Z,0.0,0,0,0,0.0,0.0,0,0,498.667,90.9286,166807.0,3030.23,284,88,9267.03,1834.48,69.5456,40.67,26.1596,15.298,15,6,4,2,17,0.0,0,0,0.0,0,38,39,33,2,38,39,33,0,0,0,0,10,0,0,10,0,0,0,0,0,0,0,0,0,0,0,0,0,0,0,0,0,0,0,0,0,0,0,0,0,0,0,NoBug
814a5107c5858ef3d4411610feaed4cf74237eb5,com.thinkaurelius.titan.graphdb.database.StandardTitanGraph.save(Ljava/util/Collection;Ljava/util/Collection;Lcom/thinkaurelius/titan/graphdb/transaction/StandardTitanTx;)V,0.0,0,0,0,0.0,0.0,0,0,176.488,20.7692,9395.25,445.252,85,40,521.958,452.364,99.8988,58.4203,97.173,56.8263,2,1,1,1,6,0.153846,2,0,0.125,10,11,16,7,3,70,91,54,0,0,0,1,17,0,2,14,0,0,0,0,0,1,0,0,0,0,0,0,0,0,0,0,0,0,0,0,0,0,0,0,1,0,0,NoBug
ed88d7286080492045efafb45a69fa4cb6eeb94d,com.thinkaurelius.titan.graphdb.query.ComplexTitanQuery.clone()Lcom/thinkaurelius/titan/graphdb/query/ComplexTitanQuery;,0.0,0,0,0,0.0,0.0,0,0,30.5293,6.75,350.267,49.6897,15,11,19.4593,51.8915,127.776,74.7231,108.743,63.5926,1,0,0,0,1,0.0,0,0,0.0,0,4,4,2,0,4,4,2,0,1,0,2,1,0,0,0,2,0,0,0,0,1,0,0,0,0,0,0,0,0,0,0,0,0,0,0,0,0,0,0,1,0,0,NoBug
d39591ed87e4e2f0c854e1e9942af37cd070e2e5,com.thinkaurelius.titan.graphdb.relations.CacheEdge.setPropertyDirect(Lcom/thinkaurelius/titan/core/TitanType;Ljava/lang/Object;)V,0.0,0,0,0,0.0,0.0,0,0,37.9742,8.33333,493.392,62.4398,16,13,27.4107,59.207,127.091,74.322,107.754,63.014,1,0,0,0,2,0.0,0,0,0.0,0,4,4,1,2,4,4,1,0,0,0,0,0,0,0,0,0,0,0,0,0,0,0,0,0,0,0,0,0,0,0,0,0,0,0,0,0,0,0,0,0,0,0,NoBug
56e64ff140b2219f9dd637d6241763c8c43aa45f,com.thinkaurelius.titan.graphdb.relations.CacheVertexProperty.copyProperties(Lcom/thinkaurelius/titan/graphdb/internal/InternalRelation;)V,0.0,0,0,0,0.0,0.0,0,0,56.1057,6.5,557.939,67.7732,21,17,30.9966,85.8367,115.634,67.6219,91.4285,53.467,3,2,2,0,0,0.0,0,0,0.0,0,7,7,4,1,7,7,4,0,0,0,2,2,0,0,2,0,0,0,0,0,0,0,0,0,0,0,0,0,0,0,0,0,0,0,0,0,0,0,0,0,2,0,NoBug
ed88d7286080492045efafb45a69fa4cb6eeb94d,com.thinkaurelius.titan.graphdb.query.EmptyAtomicQuery.hasGroupCondition()Z,0.0,0,0,0,0.0,0.0,0,0,13.6096,2.5,49.1287,13.414,7,7,2.72937,19.6515,132.826,77.6758,116.028,67.8525,1,0,0,0,0,0.0,0,0,0.0,0,4,4,1,0,4,4,1,0,0,0,0,0,0,0,0,0,0,0,0,0,0,0,0,0,0,0,0,0,0,0,0,0,0,0,0,0,0,0,0,0,0,0,NoBug
d39591ed87e4e2f0c854e1e9942af37cd070e2e5,com.thinkaurelius.titan.graphdb.relations.CacheEdge.getMap()Lcom/thinkaurelius/titan/util/datastructures/ImmutableLongObjectMap;,0.0,0,0,0,0.0,0.0,0,0,75.6096,14.4,2466.73,182.563,39,21,137.04,171.3,112.27,65.6553,86.4749,50.5701,2,1,1,3,6,0.0,0,0,0.0,0,7,7,4,0,7,7,4,0,0,0,0,0,0,0,0,0,0,0,0,0,0,0,0,0,0,0,0,0,0,0,0,0,0,0,0,0,0,0,0,0,0,0,NoBug
33a560db97bf3187ac45d1fe4fdf2e6b817bec40,com.thinkaurelius.titan.graphdb.database.serialize.attribute.ByteSerializer.read(Ljava/nio/ByteBuffer;)Ljava/lang/Byte;,0.0,0,0,0,0.0,0.0,0,0,63.3582,10.0,959.083,97.2533,23,18,53.2824,95.9083,124.582,72.8552,104.135,60.8979,1,0,0,0,0,0.0,0,0,0.0,0,4,4,1,1,4,4,1,0,0,0,0,0,0,0,0,0,0,0,0,0,0,0,0,0,0,0,0,0,0,0,0,0,0,0,0,0,0,0,0,0,0,0,NoBug
f25283628168a4888ce46f38e6cf7cecb2794c05,com.thinkaurelius.titan.graphdb.tinkerpop.TitanBlueprintsGraph.newThreadBoundTransaction()Lcom/thinkaurelius/titan/core/TitanTransaction;,0.0,0,0,0,0.0,0.0,0,0,4.75489,1.5,12.0,5.24148,4,4,0.666667,8.0,159.957,93.542,155.17,90.7427,1,0,0,0,0,0.0,0,0,0.0,0,1,1,0,0,1,1,0,0,0,0,0,0,0,0,0,0,0,0,0,0,0,0,0,0,0,0,0,0,0,0,0,0,0,0,0,0,0,0,0,0,0,0,NoBug
b55f4f332ee7c5c47295db46ffac2d2355968f79,com.thinkaurelius.titan.graphdb.transaction.AbstractTitanTx.getExisting(J)Lcom/thinkaurelius/titan/graphdb/vertices/InternalTitanVertex;,0.0,0,0,0,0.0,0.0,0,0,203.02,41.3333,25273.5,861.213,112,44,1404.08,611.456,89.4336,52.3003,53.9355,31.5412,6,4,2,1,9,0.0,0,0,0.0,0,18,19,15,1,18,19,15,0,0,0,0,3,0,0,3,0,0,0,0,0,0,0,0,0,0,0,0,0,0,0,0,0,0,0,0,0,0,0,0,0,0,0,NoBug
0a02b5352020cdf5518610bd54c004399c5308f3,com.thinkaurelius.titan.diskstorage.util.KeyValueStoreAdapter.columnInRange(Ljava/nio/ByteBuffer;Ljava/nio/ByteBuffer;Ljava/nio/ByteBuffer;ZZ)Z,0.0,0,0,0,0.0,0.0,0,0,131.327,29.7,12919.5,550.593,87,32,717.75,435.0,98.4627,57.5805,66.6563,38.9803,3,1,1,0,3,0.0,0,0,0.0,0,12,13,9,5,12,13,9,0,0,0,0,3,0,0,2,0,0,0,1,0,0,0,0,0,0,0,0,0,0,0,0,0,0,0,0,0,0,0,0,0,0,0,NoBug
9b93bdc971471b1cfd377c6f34309543b824800e,com.thinkaurelius.titan.diskstorage.es.BerkeleyElasticsearchTest.getConfiguration()Lcom/thinkaurelius/titan/diskstorage/configuration/WriteConfiguration;,0.0,0,0,0,0.0,0.0,0,0,35.1613,3.5,297.885,44.6032,23,13,16.5492,85.1101,112.066,65.5359,109.605,64.0968,1,0,0,0,0,0.1,1,0,0.1,1,9,11,6,0,9,11,6,0,0,0,1,0,0,0,0,0,0,0,0,0,0,0,0,0,0,0,0,0,0,0,0,0,0,0,0,0,0,0,0,0,1,0,NoBug
d39591ed87e4e2f0c854e1e9942af37cd070e2e5,com.thinkaurelius.titan.graphdb.relations.StandardEdge.removePropertyDirect(Lcom/thinkaurelius/titan/core/TitanType;)Ljava/lang/Object;,0.0,0,0,0,0.0,0.0,0,0,70.213,10.5,1225.27,114.504,27,20,68.0704,116.692,116.764,68.283,92.9575,54.3611,2,1,1,0,0,0.0,0,0,0.0,0,6,6,3,1,6,6,3,0,0,0,0,1,0,0,1,0,0,0,0,0,0,0,0,0,0,0,0,0,0,0,0,0,0,0,0,0,0,0,0,0,0,0,NoBug
ed88d7286080492045efafb45a69fa4cb6eeb94d,com.thinkaurelius.titan.graphdb.query.EmptyAtomicQuery.group(Lcom/thinkaurelius/titan/core/TypeGroup;)Lcom/thinkaurelius/titan/core/TitanQuery;,0.0,0,0,0,0.0,0.0,0,0,21.6515,3.5,99.8526,21.5232,9,9,5.54737,28.5293,130.887,76.5422,113.231,66.2171,1,0,0,0,0,0.0,0,0,0.0,0,4,4,1,1,4,4,1,0,0,0,0,0,0,0,0,0,0,0,0,0,0,0,0,0,0,0,0,0,0,0,0,0,0,0,0,0,0,0,0,0,0,0,NoBug
33a560db97bf3187ac45d1fe4fdf2e6b817bec40,com.thinkaurelius.titan.core.attribute.FullFloat.<init>(F)V,0.0,0,0,0,0.0,0.0,0,0,28.7549,5.33333,239.854,38.6039,13,11,13.3252,44.9726,133.181,77.8836,116.541,68.1524,1,0,0,1,0,0.0,0,0,0.0,0,3,3,1,1,3,3,1,0,0,0,0,0,0,0,0,0,0,0,0,0,0,0,0,0,0,0,0,0,0,0,0,0,0,0,0,0,0,0,0,0,0,0,NoBug
560c02dc92a77b07cd3fead1f073c16b948eb2be,com.thinkaurelius.titan.diskstorage.keycolumnvalue.inmemory.ColumnValueStore.mutate(Ljava/util/List;Ljava/util/List;Lcom/thinkaurelius/titan/diskstorage/keycolumnvalue/StoreTransaction;)V,0.0,0,0,0,0.0,0.0,0,0,638.587,92.4445,252013.0,3989.78,402,110,14000.7,2726.11,57.8523,33.8318,32.672,19.1064,18,5,5,1,8,0.0958904,7,0,0.0909091,7,66,77,59,3,70,82,60,0,0,0,1,12,0,0,9,0,0,0,2,0,1,0,0,0,0,0,0,0,0,0,0,0,0,0,0,1,0,0,0,0,0,0,NoBug
ed88d7286080492045efafb45a69fa4cb6eeb94d,com.thinkaurelius.titan.graphdb.query.EmptyAtomicQuery.hasDirectionCondition()Z,0.0,0,0,0,0.0,0.0,0,0,13.6096,2.5,49.1287,13.414,7,7,2.72937,19.6515,132.826,77.6758,116.028,67.8525,1,0,0,0,0,0.0,0,0,0.0,0,4,4,1,0,4,4,1,0,0,0,0,0,0,0,0,0,0,0,0,0,0,0,0,0,0,0,0,0,0,0,0,0,0,0,0,0,0,0,0,0,0,0,NoBug
ed88d7286080492045efafb45a69fa4cb6eeb94d,com.thinkaurelius.titan.graphdb.relations.LabeledTitanEdge.getVertices(LDirection;[LString;)LIterable;,0.0,0,0,0,0.0,0.0,0,0,68.7549,13.3333,1415.98,126.097,25,19,78.6653,106.198,124.052,72.5453,103.371,60.4508,1,0,0,0,2,0.0,0,0,0.0,0,4,4,1,2,4,4,1,0,0,0,0,0,0,0,0,0,0,0,0,0,0,0,0,0,0,0,0,0,0,0,0,0,0,0,0,0,0,0,0,0,0,0,NoBug
898033872164962f81ef6cd0415c829f9ef7746a,com.thinkaurelius.titan.graphdb.types.system.SystemTypeManager.getSystemEdgeType(J)Lcom/thinkaurelius/titan/graphdb/types/system/SystemType;,0.0,0,0,0,0.0,0.0,0,0,222.544,37.9167,22324.8,792.852,106,47,1240.27,588.786,88.7542,51.903,69.9314,40.8956,6,3,3,1,3,0.05,1,0,0.05,1,19,20,13,1,19,20,13,0,1,0,0,3,0,0,1,0,0,0,0,0,3,0,0,0,0,0,0,0,0,0,0,0,0,0,0,0,0,0,0,0,0,0,NoBug
ed88d7286080492045efafb45a69fa4cb6eeb94d,com.thinkaurelius.titan.graphdb.query.SimpleAtomicQuery.<init>(Lcom/thinkaurelius/titan/graphdb/transaction/InternalTitanTransaction;J)V,0.0,0,0,0,0.0,0.0,0,0,43.6515,5.71429,535.802,65.9685,24,15,29.7668,93.7654,118.131,69.0827,122.461,71.6146,1,0,0,2,1,0.142857,1,0,0.142857,1,6,8,4,2,6,8,4,0,0,0,0,0,0,0,0,0,0,0,0,0,0,0,0,0,0,0,0,0,0,0,0,0,0,0,0,0,0,0,0,0,0,0,NoBug
7720850da32092290f6ee0e375eb22cb367a3310,com.thinkaurelius.faunus.tinkerpop.gremlin.ScriptExecutor.evaluate(Ljava/io/Reader;Ljava/util/List;)V,0.0,0,0,0,0.0,0.0,0,0,240.855,37.0,19002.9,712.108,91,50,1055.71,513.591,94.8718,55.4806,61.5776,36.0103,4,2,2,2,1,0.0,0,0,0.0,0,14,17,10,2,14,17,10,0,0,0,2,1,0,0,0,0,0,0,0,0,1,0,0,0,0,0,0,1,0,0,0,0,0,0,0,0,0,1,0,0,0,0,NoBug
070f75a3a577d2703e77fac45710686dc1cd8a99,com.thinkaurelius.titan.graphdb.transaction.StandardTitanTx.addVertex()Lcom/thinkaurelius/titan/core/TitanVertex;,0.0,0,0,0,0.0,0.0,0,0,30.5293,4.5,171.242,30.8371,11,11,9.51344,38.0537,129.389,75.6662,111.07,64.9533,1,0,0,0,1,0.0,0,0,0.0,0,4,4,1,0,4,4,1,0,0,0,0,0,0,0,0,0,0,0,0,0,0,0,0,0,0,0,0,0,0,0,0,0,0,0,0,0,0,0,0,0,0,0,NoBug
0d269e350f01e145b0eec0157b9c45274b2023f7,com.thinkaurelius.titan.graphdb.tinkerpop.TitanFeatures$TitanEdgeFeatures.supportsUserSuppliedIds()Z,0.0,0,0,0,0.0,0.0,0,0,13.6096,2.5,49.1287,13.414,7,7,2.72937,19.6515,132.826,77.6758,116.028,67.8525,1,0,0,0,0,0.0,0,0,0.0,0,4,4,1,0,4,4,1,0,0,0,0,0,0,0,0,0,0,0,0,0,0,0,0,0,0,0,0,0,0,0,0,0,0,0,0,0,0,0,0,0,0,0,NoBug
ed88d7286080492045efafb45a69fa4cb6eeb94d,com.thinkaurelius.titan.graphdb.query.ComplexTitanQuery.onlyModifiable()Lcom/thinkaurelius/titan/core/TitanQuery;,0.0,0,0,0,0.0,0.0,0,0,77.4869,21.25,3173.45,215.951,34,21,176.303,149.339,115.481,67.5328,91.1069,53.2789,2,1,1,0,1,0.0,0,0,0.0,0,6,6,5,0,6,6,5,0,0,0,0,1,0,0,1,0,0,0,0,0,0,0,0,0,0,0,0,0,0,0,0,0,0,0,0,0,0,0,0,0,0,0,NoBug
d39591ed87e4e2f0c854e1e9942af37cd070e2e5,com.thinkaurelius.titan.graphdb.relations.CacheProperty.copyProperties(Lcom/thinkaurelius/titan/graphdb/internal/InternalRelation;)V,0.0,0,0,0,0.0,0.0,0,0,129.691,30.8571,9325.21,443.036,61,31,518.067,302.206,106.925,62.5294,78.8652,46.12,3,2,2,1,7,0.0,0,0,0.0,0,8,8,8,1,8,8,8,0,0,0,0,2,0,0,2,0,0,0,0,0,0,0,0,0,0,0,0,0,0,0,0,0,0,0,0,0,0,0,0,0,0,0,NoBug
ed88d7286080492045efafb45a69fa4cb6eeb94d,com.thinkaurelius.titan.graphdb.vertices.AbstractTitanVertex.getProperty(Lcom/thinkaurelius/titan/core/TitanKey;)Ljava/lang/Object;,1.0,1,3,1,1.0,1.0,10,10,152.382,21.9375,5851.23,324.712,52,35,325.068,266.723,103.96,60.7952,74.5869,43.6181,3,2,2,1,5,0.0,0,0,0.0,0,10,10,6,1,10,10,6,0,0,0,0,2,0,0,1,0,0,0,0,0,1,0,0,0,0,0,0,0,0,0,0,0,0,0,0,0,0,0,0,0,0,0,NoBug
86bc51a0b9aa5d6d59ec1770f6fdafff8d0a5f7e,com.thinkaurelius.titan.graphdb.inmemory.InMemoryMetricsTest.testKCVSAccess()V,0.494505,1,3,3,0.455882,0.45,31,27,779.363,30.4688,117137.0,2394.02,551,126,6507.59,3844.48,61.5188,35.9759,33.9823,19.8727,1,0,0,0,15,0.0769231,5,0,0.0769231,5,60,68,57,0,60,68,57,0,0,0,2,17,0,0,0,0,0,0,0,0,0,0,0,0,0,17,0,0,0,0,0,0,0,0,0,0,0,0,2,0,0,0,NoBug
55d73740c60812fa57864c07f01e08b09a4504f4,com.thinkaurelius.titan.graphdb.database.IndexSerializer.relationID2ByteBuffer(Lcom/thinkaurelius/titan/graphdb/relations/RelationIdentifier;)Lcom/thinkaurelius/titan/diskstorage/StaticBuffer;,0.0,0,0,0,0.0,0.0,0,0,150.741,24.5556,7053.33,367.787,56,35,391.852,287.24,109.583,64.0834,120.112,70.2412,2,1,1,1,4,0.3,3,3,0.3,3,7,7,8,1,7,7,8,0,0,0,0,1,0,0,1,0,0,0,0,0,0,0,0,0,0,0,0,0,0,0,0,0,0,0,0,0,0,0,0,0,0,0,NoBug
7720850da32092290f6ee0e375eb22cb367a3310,com.thinkaurelius.faunus.FaunusPipeline.has(LString;LCompare;[LObject;)LFaunusPipeline;,0.0,0,0,0,0.0,0.0,0,0,154.15,20.4545,7508.14,383.432,71,36,417.119,367.065,102.759,60.0932,115.588,67.5954,1,0,0,1,6,0.444444,8,8,0.444444,8,10,11,5,3,10,11,5,0,0,0,0,0,0,0,0,0,0,0,0,0,0,0,0,0,0,0,0,0,0,0,0,0,0,0,0,0,0,0,0,0,0,0,NoBug
854139c3e9bb3a63ed124e1403d1227aba7632e1,com.thinkaurelius.titan.graphdb.transaction.StandardTransactionBuilder.getCustomOptions()Lcom/thinkaurelius/titan/diskstorage/configuration/Configuration;,0.0,0,0,0,0.0,0.0,0,0,13.6096,2.5,49.1287,13.414,7,7,2.72937,19.6515,132.826,77.6758,116.028,67.8525,1,0,0,1,0,0.0,0,0,0.0,0,4,4,1,0,4,4,1,0,0,0,0,0,0,0,0,0,0,0,0,0,0,0,0,0,0,0,0,0,0,0,0,0,0,0,0,0,0,0,0,0,0,0,NoBug
9a49faa3669fc2c03e458c7999ecf095e0b0725d,com.thinkaurelius.titan.graphdb.database.EdgeSerializer.readInlineTypes([JLLongObjectHashMap;LReadBuffer;LTypeInspector;LInlineType;)V,0.0,0,0,0,0.0,0.0,0,0,91.8226,7.5,1044.87,102.969,30,25,58.0482,139.316,113.115,66.1492,87.7953,51.3423,3,2,2,0,0,0.0,0,0,0.0,0,7,7,5,5,7,7,5,0,0,0,3,3,0,0,2,0,0,0,1,0,0,0,0,0,0,0,0,0,0,0,0,0,0,0,0,0,0,0,0,0,3,0,NoBug
00aa8b9b5ef06997c0f455d7028235f520100fa9,com.thinkaurelius.titan.diskstorage.es.ElasticSearchIndex.mutate(Ljava/util/Map;Lcom/thinkaurelius/titan/diskstorage/TransactionHandle;)V,0.0,0,0,0,0.0,0.0,0,0,457.971,82.8,176781.0,3149.85,334,84,9821.16,2135.03,62.604,36.6105,36.134,21.131,17,7,7,0,8,0.0689655,4,0,0.0689655,4,54,59,41,2,54,59,41,0,0,0,1,4,0,0,4,0,0,0,0,0,0,0,0,0,0,0,0,0,0,0,0,0,0,0,0,0,0,1,0,0,0,0,NoBug
598e12b21c73c1eb837031f2bee0398c08ad9d09,com.thinkaurelius.titan.graphdb.database.idassigner.StandardIDPool.nextID()J,0.0,0,0,0,0.0,0.0,0,0,195.312,27.6923,11871.0,520.385,79,43,659.5,428.675,90.6345,53.0026,55.5661,32.4948,5,2,2,1,6,0.0,0,0,0.0,0,19,22,13,0,19,22,13,0,0,0,0,3,0,0,2,0,0,0,0,0,1,0,0,0,0,0,0,0,0,0,0,0,0,0,0,0,0,0,0,0,0,0,NoBug
ed88d7286080492045efafb45a69fa4cb6eeb94d,com.thinkaurelius.titan.graphdb.query.ComplexTitanQuery.edges()Ljava/lang/Iterable;,0.0,0,0,0,0.0,0.0,0,0,50.1057,6.5,406.317,54.8584,16,15,22.5731,62.5103,126.808,74.1569,107.347,62.7758,1,0,0,1,2,0.0,0,0,0.0,0,4,4,1,0,4,4,1,0,0,0,0,0,0,0,0,0,0,0,0,0,0,0,0,0,0,0,0,0,0,0,0,0,0,0,0,0,0,0,0,0,0,0,NoBug
ed88d7286080492045efafb45a69fa4cb6eeb94d,com.thinkaurelius.titan.util.interval.DoesNotExist.inInterval(Ljava/lang/Object;)Z,0.0,0,0,0,0.0,0.0,0,0,20.2647,3.0,85.588,19.4212,9,9,4.75489,28.5293,130.887,76.5422,113.231,66.2171,1,0,0,0,0,0.0,0,0,0.0,0,4,4,1,1,4,4,1,0,0,0,0,0,0,0,0,0,0,0,0,0,0,0,0,0,0,0,0,0,0,0,0,0,0,0,0,0,0,0,0,0,0,0,NoBug
ed88d7286080492045efafb45a69fa4cb6eeb94d,com.thinkaurelius.titan.graphdb.query.SimpleTitanQuery.clone()Lcom/thinkaurelius/titan/graphdb/query/SimpleTitanQuery;,0.0,0,0,0,0.0,0.0,0,0,35.2193,7.5,430.195,56.9872,16,12,23.8997,57.3594,123.641,72.3044,102.777,60.1033,1,0,0,1,1,0.0,0,0,0.0,0,5,5,2,0,5,5,2,0,1,0,2,1,0,0,0,2,0,0,0,0,1,0,0,0,0,0,0,0,0,0,0,0,0,0,0,0,0,0,0,1,0,0,NoBug
ed88d7286080492045efafb45a69fa4cb6eeb94d,com.thinkaurelius.titan.graphdb.query.EmptyAtomicQuery.inMemory()Lcom/thinkaurelius/titan/core/TitanQuery;,0.0,0,0,0,0.0,0.0,0,0,15.5098,3.0,58.9545,15.1476,7,7,3.27525,19.6515,132.826,77.6758,116.028,67.8525,1,0,0,0,0,0.0,0,0,0.0,0,4,4,1,0,4,4,1,0,0,0,0,0,0,0,0,0,0,0,0,0,0,0,0,0,0,0,0,0,0,0,0,0,0,0,0,0,0,0,0,0,0,0,NoBug
7720850da32092290f6ee0e375eb22cb367a3310,com.thinkaurelius.faunus.mapreduce.util.ElementCheckerTest.testGreaterThan()V,1.0,1,1,1,1.0,1.0,14,11,112.106,9.75,3552.4,232.817,75,29,197.355,364.349,101.254,59.2128,70.4795,41.2161,1,0,0,0,4,0.0,0,0,0.0,0,11,14,9,0,11,14,9,0,0,0,0,4,0,0,0,0,0,0,0,0,0,0,0,0,0,4,0,0,0,0,0,0,0,0,0,0,0,0,0,0,0,0,NoBug
ed88d7286080492045efafb45a69fa4cb6eeb94d,com.thinkaurelius.titan.graphdb.query.SimpleAtomicQuery.getTypeCondition()Lcom/thinkaurelius/titan/core/TitanType;,0.0,0,0,0,0.0,0.0,0,0,52.8606,6.5,468.0,60.2787,18,16,26.0,72.0,122.228,71.4786,100.841,58.9714,2,1,1,0,1,0.0,0,0,0.0,0,5,5,3,0,5,5,3,0,0,0,0,2,0,0,2,0,0,0,0,0,0,0,0,0,0,0,0,0,0,0,0,0,0,0,0,0,0,0,0,0,0,0,NoBug
9a49faa3669fc2c03e458c7999ecf095e0b0725d,com.thinkaurelius.titan.graphdb.database.EdgeSerializer.writeRelation(Lcom/thinkaurelius/titan/graphdb/internal/InternalRelation;Lcom/thinkaurelius/titan/graphdb/internal/InternalRelationType;ILcom/thinkaurelius/titan/graphdb/types/TypeInspector;)Lcom/thinkaurelius/titan/diskstorage/util/StaticArrayEntry;,0.0,0,0,0,0.0,0.0,0,0,320.406,14.5,24273.0,838.331,279,64,1348.5,1674.0,56.4117,32.9893,27.3993,16.023,20,3,3,0,0,0.0681818,6,0,0.0681818,6,82,94,65,4,82,94,65,0,0,0,19,2,0,0,2,0,0,0,0,0,0,0,0,0,0,0,0,0,0,0,0,0,0,0,0,0,0,0,0,0,19,0,NoBug
0d269e350f01e145b0eec0157b9c45274b2023f7,com.thinkaurelius.titan.graphdb.configuration.TinkerpopFeaturesTest.setupGraph()V,0.0,0,0,0,0.0,0.0,0,0,24.4064,3.5,116.267,23.8217,10,10,6.4593,33.2193,126.481,73.9654,106.874,62.4995,1,0,0,0,1,0.0,0,0,0.0,0,5,5,1,0,5,5,1,0,0,0,0,0,0,0,0,0,0,0,0,0,0,0,0,0,0,0,0,0,0,0,0,0,0,0,0,0,0,0,0,0,0,0,NoBug
ed88d7286080492045efafb45a69fa4cb6eeb94d,com.thinkaurelius.titan.graphdb.query.SimpleAtomicQuery.keys([Ljava/lang/String;)Lcom/thinkaurelius/titan/core/TitanQuery;,0.0,0,0,0,0.0,0.0,0,0,42.8086,5.5,293.166,44.1309,14,14,16.287,53.303,127.637,74.6414,108.542,63.4749,1,0,0,0,0,0.0,0,0,0.0,0,4,4,1,1,4,4,1,0,0,0,0,0,0,0,0,0,0,0,0,0,0,0,0,0,0,0,0,0,0,0,0,0,0,0,0,0,0,0,0,0,0,0,NoBug
0d269e350f01e145b0eec0157b9c45274b2023f7,com.thinkaurelius.titan.graphdb.tinkerpop.TitanFeatures$TitanVertexFeatures.supportsStringIds()Z,0.0,0,0,0,0.0,0.0,0,0,13.6096,2.5,49.1287,13.414,7,7,2.72937,19.6515,129.211,75.5618,110.813,64.8027,1,0,0,0,0,0.0,0,0,0.0,0,5,5,1,0,5,5,1,0,0,0,0,0,0,0,0,0,0,0,0,0,0,0,0,0,0,0,0,0,0,0,0,0,0,0,0,0,0,0,0,0,0,0,NoBug
33a560db97bf3187ac45d1fe4fdf2e6b817bec40,com.thinkaurelius.titan.graphdb.database.serialize.attribute.ByteSerializer.writeObjectData(Lcom/thinkaurelius/titan/graphdb/database/serialize/DataOutput;Ljava/lang/Byte;)V,0.0,0,0,0,0.0,0.0,0,0,66.6034,11.25,1146.94,109.571,24,19,63.7189,101.95,124.265,72.6694,103.677,60.6299,1,0,0,0,1,0.0,0,0,0.0,0,4,4,1,2,4,4,1,0,0,0,0,1,0,0,0,0,0,0,1,0,0,0,0,0,0,0,0,0,0,0,0,0,0,0,0,0,0,0,0,0,0,0,NoBug
5f904d746f517fc714368c0258df4fd545e3829f,com.thinkaurelius.titan.graphdb.query.AbstractVertexCentricQueryBuilder.constructQuery(Lcom/thinkaurelius/titan/graphdb/internal/RelationType;)Lcom/thinkaurelius/titan/graphdb/query/BaseVertexCentricQuery;,0.136143,1,10,2,0.12963,0.155556,28,28,1725.81,195.711,2005060.0,15900.8,1288,248,111392.0,10245.0,19.0745,11.1547,-16.3948,0.0,86,14,12,2,44,0.0954774,19,0,0.0954774,19,180,216,138,1,180,216,138,0,0,0,1,23,0,0,20,0,0,0,1,0,3,0,0,0,0,0,0,0,0,0,0,0,0,0,0,0,0,0,0,0,0,0,NoBug
d39591ed87e4e2f0c854e1e9942af37cd070e2e5,com.thinkaurelius.titan.graphdb.relations.CacheProperty.it()Lcom/thinkaurelius/titan/graphdb/internal/InternalRelation;,1.0,1,3,1,1.0,1.0,16,15,144.626,16.6667,5257.05,302.339,62,34,292.058,315.423,101.314,59.2478,92.494,54.0901,4,1,1,1,6,0.0833333,1,0,0.0625,1,11,12,7,0,15,16,8,0,0,0,0,3,0,0,1,0,0,0,0,0,1,0,0,0,0,0,0,0,0,0,0,0,0,0,1,0,0,0,0,0,0,0,NoBug
6eec0ad79102e9d0d93c7753410965aec85c296a,com.thinkaurelius.titan.graphdb.transaction.StandardTitanTx.addPropertyInternal(Lcom/thinkaurelius/titan/core/TitanVertex;Lcom/thinkaurelius/titan/core/TitanKey;Ljava/lang/Object;)Lcom/thinkaurelius/titan/core/TitanProperty;,0.0,0,0,0,0.0,0.0,0,0,281.435,69.4615,66559.0,1642.37,165,56,3697.72,958.214,80.0691,46.824,55.0592,32.1984,8,3,3,2,15,0.0357143,1,0,0.0357143,1,27,28,20,3,27,28,20,0,0,0,0,6,0,0,4,0,0,0,0,0,2,0,0,0,0,0,0,0,0,0,0,0,0,0,0,0,0,0,0,0,0,0,NoBug
ed88d7286080492045efafb45a69fa4cb6eeb94d,com.thinkaurelius.titan.graphdb.vertices.LoadedEmptyTitanVertex.getRelations(Lcom/thinkaurelius/titan/graphdb/query/AtomicQuery;Z)Ljava/lang/Iterable;,0.0,0,0,0,0.0,0.0,0,0,56.1057,6.5,451.665,58.8678,17,17,25.0925,69.4869,126.258,73.8352,106.553,62.3116,1,0,0,0,1,0.0,0,0,0.0,0,4,4,1,2,4,4,1,0,0,0,0,0,0,0,0,0,0,0,0,0,0,0,0,0,0,0,0,0,0,0,0,0,0,0,0,0,0,0,0,0,0,0,NoBug
5f562761e6d8d9dcb35d8c0eeacef91f0bfe74da,com.thinkaurelius.titan.diskstorage.lucene.LuceneIndex.mutateStores(Ljava/util/Map$Entry;Lcom/thinkaurelius/titan/diskstorage/indexing/KeyInformation$IndexRetriever;)V,0.0,0,0,0,0.0,0.0,0,0,208.335,12.5,8354.39,411.727,121,46,464.133,668.351,76.6361,44.8164,47.851,27.9831,7,5,5,0,0,0.025641,1,0,0.025641,1,38,46,30,2,38,46,30,0,0,0,11,4,0,0,4,0,0,0,0,0,0,0,0,0,0,0,0,0,0,0,0,0,0,0,0,0,0,0,0,0,11,0,NoBug
ed88d7286080492045efafb45a69fa4cb6eeb94d,com.thinkaurelius.titan.graphdb.query.EmptyAtomicQuery.titanEdges()Ljava/lang/Iterable;,0.0,0,0,0,0.0,0.0,0,0,40.0537,5.5,264.581,41.2135,13,13,14.699,48.1057,128.17,74.9534,109.312,63.925,1,0,0,0,1,0.0,0,0,0.0,0,4,4,1,0,4,4,1,0,0,0,0,0,0,0,0,0,0,0,0,0,0,0,0,0,0,0,0,0,0,0,0,0,0,0,0,0,0,0,0,0,0,0,NoBug
09f367028b094df838516900eb9ffc9c6764f7b6,com.thinkaurelius.titan.diskstorage.hbase.HBaseStoreManager.checkConfigDeprecation(Lcom/thinkaurelius/titan/diskstorage/configuration/Configuration;)V,0.0,0,0,0,0.0,0.0,0,0,52.8606,6.5,650.0,75.037,25,16,36.1111,100.0,117.567,68.7524,94.1156,55.0383,2,1,1,0,0,0.0,0,0,0.0,0,6,6,2,1,6,6,2,0,0,0,1,1,0,0,0,0,0,0,0,0,0,0,0,1,0,0,0,0,0,0,0,0,0,0,0,0,0,0,0,0,1,0,NoBug
ed88d7286080492045efafb45a69fa4cb6eeb94d,com.thinkaurelius.titan.graphdb.query.EmptyAtomicQuery.isAllowedDirection(Lcom/thinkaurelius/titan/graphdb/relations/EdgeDirection;)Z,0.0,0,0,0,0.0,0.0,0,0,20.2647,3.0,85.588,19.4212,9,9,4.75489,28.5293,130.887,76.5422,113.231,66.2171,1,0,0,0,0,0.0,0,0,0.0,0,4,4,1,1,4,4,1,0,0,0,0,0,0,0,0,0,0,0,0,0,0,0,0,0,0,0,0,0,0,0,0,0,0,0,0,0,0,0,0,0,0,0,NoBug
442f468a5b0c962b5c087baa682302976a08cbb8,com.thinkaurelius.titan.diskstorage.Backend$6.apply(Ljava/lang/String;)Lcom/thinkaurelius/titan/diskstorage/locking/Locker;,0.0,0,0,0,0.0,0.0,0,0,240.019,24.8,15052.3,609.635,107,51,836.242,606.95,88.2252,51.5937,68.5715,40.1003,4,1,1,0,0,0.047619,1,0,0.047619,1,20,23,11,1,20,23,11,0,0,0,1,0,0,0,0,0,0,0,0,0,1,0,0,0,0,0,0,0,0,0,0,0,0,0,0,0,0,0,0,0,0,0,NoBug
63f50c66dd4ec7a3e6882886f4aee674552564e4,com.thinkaurelius.titan.diskstorage.Backend.getOptionForShorthand(Ljava/lang/String;)Lcom/thinkaurelius/titan/diskstorage/configuration/ConfigOption;,0.0,0,0,0,0.0,0.0,0,0,100.362,19.0,4018.88,252.776,45,26,223.271,211.52,104.936,61.3659,76.0966,44.5009,4,2,2,0,1,0.0,0,0,0.0,0,10,13,7,1,10,13,7,0,1,0,0,6,0,0,4,0,0,0,0,0,3,0,0,0,0,0,0,0,0,0,0,0,0,0,0,0,0,0,0,0,0,0,NoBug
3247d28161a1c089cb463c208ae21c5129eee1af,com.thinkaurelius.titan.graphdb.database.cache.MetricInstrumentedSchemaCache.getSchemaRelations(JLcom/thinkaurelius/titan/graphdb/types/system/BaseRelationType;LDirection;)LEntryList;,0.0,0,0,0,0.0,0.0,0,0,36.5293,4.5,249.78,39.6617,15,13,13.8766,55.5066,123.811,72.4043,103.023,60.2473,1,0,0,0,0,0.0,0,0,0.0,0,5,5,2,3,5,5,2,0,0,0,0,0,0,0,0,0,0,0,0,0,0,0,0,0,0,0,0,0,0,0,0,0,0,0,0,0,0,0,0,0,0,0,NoBug
26bbee89f169c89334baf92b54894fa17230d5d4,com.thinkaurelius.titan.graphdb.transaction.StandardPersistTitanTx.isDeletedRelation(J)Z,0.0,0,0,0,0.0,0.0,0,0,42.8086,7.33333,474.65,60.8484,17,14,26.3695,64.725,126.627,74.051,151.542,88.6211,1,0,0,1,0,0.5,4,4,0.5,4,4,4,1,1,4,4,1,0,0,0,0,0,0,0,0,0,0,0,0,0,0,0,0,0,0,0,0,0,0,0,0,0,0,0,0,0,0,0,0,0,0,0,NoBug
